
2024-05-26 11:16:31v

manufacturer     altusmetrum.org

product          TeleBT-v4.0

serial-number    12056

program-space    28672

software-version 1.9.16

> m34

> TELEM 22032efd100560efff000000000000000018051a11101ee7e7e7010000000000ff008ba1

TELEM 34 11779 43 6 0 0 0 0 0 0 0 0 0-0-0 0:0:0 0 0 0 0 0 0 0 255 0 136 37 
TELEM 34 11779 44 5 0 0 1 1 0 65519 0 0 24-5-26 17:16:31 46 46 46 1 0 0 0 255 2 138 8 
TELEM 34 11779 44 6 0 0 0 0 0 0 0 0 0-0-0 0:0:0 0 0 0 0 0 0 0 255 2 135 139 
TELEM 34 11779 46 5 0 0 1 1 0 65519 0 0 24-5-26 17:16:33 46 46 46 1 0 0 0 255 2 133 205 
TELEM 34 11779 46 6 0 0 0 0 0 0 0 0 0-0-0 0:0:0 0 0 0 0 0 0 0 255 2 135 83 
TELEM 34 11779 47 5 0 0 1 1 0 65519 0 0 24-5-26 17:16:34 46 46 46 1 0 0 0 255 2 136 55 
TELEM 34 11779 47 6 0 0 0 0 0 0 0 0 0-0-0 0:0:0 0 0 0 0 0 0 0 255 2 137 187 
TELEM 34 11779 47 4 5 0 1 0 0 1 148.689 13.4218 86-65-54 65:68:67 0 0 9 46 118 138 0 0 2 136 188 
TELEM 34 11779 48 5 0 0 1 1 0 65519 0 0 24-5-26 17:16:35 46 46 46 1 0 0 0 255 2 133 151 
TELEM 34 11779 48 6 0 0 0 0 0 0 0 0 0-0-0 0:0:0 0 0 0 0 0 0 0 255 2 135 27 
TELEM 34 11779 50 5 0 0 1 1 0 65519 0 0 24-5-26 17:16:37 46 46 46 1 0 0 0 255 2 137 102 
TELEM 34 11779 50 6 0 0 0 0 0 0 0 0 0-0-0 0:0:0 0 0 0 0 0 0 0 255 2 134 227 
TELEM 34 11779 51 5 0 0 1 1 0 65519 0 0 24-5-26 17:16:38 46 46 46 1 0 0 0 255 2 134 202 
TELEM 34 11779 51 6 0 0 0 0 0 0 0 0 0-0-0 0:0:0 0 0 0 0 0 0 0 255 2 136 75 
TELEM 34 11779 52 5 0 0 1 1 0 65519 0 0 24-5-26 17:16:39 46 46 46 1 0 0 0 255 2 132 45 
TELEM 34 11779 52 6 0 0 0 0 0 0 0 0 0-0-0 0:0:0 0 0 0 0 0 0 0 255 2 136 175 
TELEM 34 11779 54 5 0 0 1 1 0 65519 0 0 24-5-26 17:16:41 46 46 46 1 0 0 0 255 2 136 252 
TELEM 34 11779 54 6 0 0 0 0 0 0 0 0 0-0-0 0:0:0 0 0 0 0 0 0 0 255 2 136 120 
TELEM 34 11779 54 4 5 0 1 0 0 1 148.479 13.4218 86-65-54 65:68:67 0 0 9 46 118 138 0 0 2 139 93 
TELEM 34 11779 55 5 0 0 1 1 0 65519 0 0 24-5-26 17:16:42 46 46 46 1 0 0 0 255 2 135 96 
TELEM 34 11779 55 6 0 0 0 0 0 0 0 0 0-0-0 0:0:0 0 0 0 0 0 0 0 255 2 134 218 
TELEM 34 11779 56 5 0 0 1 1 0 65519 0 0 24-5-26 17:16:43 46 46 46 1 0 0 0 255 2 134 196 
TELEM 34 11779 56 6 0 0 0 0 0 0 0 0 0-0-0 0:0:0 0 0 0 0 0 0 0 255 2 136 64 
TELEM 34 11779 58 5 0 0 1 1 0 65519 0 0 24-5-26 17:16:45 46 46 46 1 0 0 0 255 2 137 145 
TELEM 34 11779 58 6 0 0 0 0 0 0 0 0 0-0-0 0:0:0 0 0 0 0 0 0 0 255 0 133 3 
TELEM 34 11779 59 5 0 0 1 1 0 65519 0 0 24-5-26 17:16:46 46 46 46 1 0 0 0 255 2 136 246 
TELEM 34 11779 59 6 0 0 0 0 0 0 0 0 0-0-0 0:0:0 0 0 0 0 0 0 0 255 0 133 104 
TELEM 34 11779 60 5 0 0 1 1 0 65519 0 0 24-5-26 17:16:47 46 46 46 1 0 0 0 255 0 137 90 
TELEM 34 11779 60 6 0 0 0 0 0 0 0 0 0-0-0 0:0:0 0 0 0 0 0 0 0 255 2 135 208 
TELEM 34 11779 60 4 5 0 1 0 0 1 148.479 13.4218 86-65-54 65:68:67 0 0 9 46 118 138 0 0 0 135 176 
TELEM 34 11779 62 5 0 0 1 1 0 65519 0 0 24-5-26 17:16:49 46 46 46 1 0 0 0 255 0 135 36 
TELEM 34 11779 62 6 0 0 0 0 0 0 0 0 0-0-0 0:0:0 0 0 0 0 0 0 0 255 2 133 152 
TELEM 34 11779 63 5 0 0 1 1 0 65519 0 0 24-5-26 17:16:50 46 46 46 1 0 0 0 255 0 136 137 
TELEM 34 11779 63 6 0 0 0 0 0 0 0 0 0-0-0 0:0:0 0 0 0 0 0 0 0 255 0 135 251 
TELEM 34 11779 64 5 0 0 1 1 0 65519 0 0 24-5-26 17:16:51 46 46 46 1 0 0 0 255 0 136 239 
TELEM 34 11779 64 6 0 0 0 0 0 0 0 0 0-0-0 0:0:0 0 0 0 0 0 0 0 255 2 136 99 
TELEM 34 11779 66 5 0 0 1 1 0 65519 0 0 24-5-26 17:16:53 46 46 46 1 0 0 0 255 0 134 183 
TELEM 34 11779 66 6 0 0 0 0 0 0 0 0 0-0-0 0:0:0 0 0 0 0 0 0 0 255 2 137 44 
TELEM 34 11779 67 5 0 0 1 1 0 65519 0 0 24-5-26 17:16:54 46 46 46 1 0 0 0 255 2 133 24 
TELEM 34 11779 67 6 1 0 0 0 0 9483 0 0 0-0-0 0:0:0 0 0 0 0 0 0 0 255 0 137 186 
TELEM 34 11779 67 4 5 0 1 0 0 1 148.479 13.4218 86-65-54 65:68:67 0 0 9 46 118 138 0 0 0 139 109 
TELEM 34 11779 68 5 0 0 1 1 0 65519 0 0 24-5-26 17:16:55 46 46 46 1 0 0 0 255 2 135 134 
TELEM 34 11779 68 6 1 0 0 0 0 9483 0 0 0-0-0 0:0:0 0 0 0 0 0 0 0 255 0 135 35 
TELEM 34 11779 70 5 0 0 1 1 0 65519 0 0 24-5-26 17:16:57 46 46 46 1 0 0 0 255 0 134 78 
TELEM 34 11779 70 6 1 0 0 0 0 9483 0 0 0-0-0 0:0:0 0 0 0 0 0 0 0 255 2 134 237 
TELEM 34 11779 71 5 0 0 1 1 0 65519 0 0 24-5-26 17:16:58 46 46 46 1 0 0 0 255 0 136 181 
TELEM 34 11779 71 6 1 0 0 0 0 9483 0 0 0-0-0 0:0:0 0 0 0 0 0 0 0 255 0 139 84 
TELEM 34 11779 73 5 0 0 1 1 0 8940 40.343 -119.808 24-5-26 17:17:0 46 46 46 1 0 0 0 0 0 133 6 
TELEM 34 11779 73 6 4 0 0 0 0 9483 48.7858 0.0008473 0-0-0 0:0:0 0 0 0 0 0 0 0 0 0 135 176 
TELEM 34 11779 74 5 0 0 1 1 0 8889 40.2021 -119.553 24-5-26 17:17:1 46 46 46 1 0 0 0 0 0 134 103 
TELEM 34 11779 74 6 4 0 0 0 0 9483 48.7859 0.0008217 0-0-0 0:0:0 0 0 0 0 0 0 0 0 2 134 11 
TELEM 34 11779 74 4 5 0 1 0 0 1 148.269 13.4226 86-65-54 65:68:67 0 0 9 46 118 138 0 0 0 144 65 
TELEM 34 11779 75 5 0 0 1 1 0 8858 40.118 -119.454 24-5-26 17:17:2 46 46 46 1 0 0 0 0 0 136 18 
TELEM 34 11779 75 6 4 0 0 0 0 9483 48.7858 0.0008217 0-0-0 0:0:0 0 0 0 0 0 0 0 0 2 133 109 
TELEM 34 11779 76 5 0 0 1 1 0 8887 40.1979 -119.421 24-5-26 17:17:3 46 46 46 1 0 0 0 0 0 134 178 
TELEM 34 11779 76 6 4 0 0 0 0 9739 48.7859 0.0008217 0-0-0 0:0:0 0 0 0 0 0 0 0 0 0 133 209 
TELEM 34 11779 78 5 0 0 1 1 0 12260 49.2834 -130.216 24-5-26 17:17:5 46 46 46 1 0 0 0 0 2 139 27 
TELEM 34 11779 78 6 3 0 0 0 0 9483 53.8518 0.0008217 0-0-0 0:0:0 0 0 0 0 0 0 0 0 0 137 180 
TELEM 34 11779 79 5 0 0 1 1 0 12260 49.2831 -130.211 24-5-26 17:17:6 46 46 46 1 0 0 0 0 0 136 126 
TELEM 34 11779 79 6 4 0 0 0 0 9483 45.4304 0.0008217 0-0-0 0:0:0 0 0 0 0 0 0 0 0 0 134 12 
TELEM 34 11779 80 5 0 0 1 1 0 12260 49.2829 -130.206 24-5-26 17:17:7 46 46 46 1 0 0 0 0 0 134 215 
TELEM 34 11779 80 6 4 0 0 0 0 9483 43.7527 0.0008217 0-0-0 0:0:0 0 0 0 0 0 0 0 0 0 133 110 
TELEM 34 11779 80 4 5 0 1 0 0 1 149.108 13.4226 86-65-54 65:68:67 0 0 9 46 118 138 0 0 0 137 36 
TELEM 34 11779 81 5 0 0 1 1 0 12260 49.2826 -130.201 24-5-26 17:17:8 46 46 46 1 0 0 0 0 0 136 39 
TELEM 34 11779 81 6 4 0 0 0 0 9483 45.4304 0.0008217 0-0-0 0:0:0 0 0 0 0 0 0 0 0 0 137 214 
TELEM 34 11779 83 5 0 0 1 1 0 12219 49.1711 -129.868 24-5-26 17:17:10 46 46 46 1 0 0 0 0 0 135 141 
TELEM 34 11779 83 6 4 0 0 0 0 9739 48.7859 0.0008217 0-0-0 0:0:0 0 0 0 0 0 0 0 0 0 135 161 
TELEM 34 11779 84 5 0 0 1 1 0 12219 49.1709 -129.863 24-5-26 17:17:11 46 46 46 1 0 0 0 0 2 133 237 
TELEM 34 11779 84 6 4 0 0 0 0 9739 48.7859 0.0008217 0-0-0 0:0:0 0 0 0 0 0 0 0 0 0 142 13 
TELEM 34 11779 86 5 0 0 1 1 0 12219 49.1704 -129.852 24-5-26 17:17:13 46 46 46 1 0 0 0 0 2 136 141 
TELEM 34 11779 86 6 5 0 0 0 0 8198 57.1222 53.8517 0-0-0 0:0:0 0 0 0 0 0 0 0 0 0 134 245 
TELEM 34 11779 87 5 0 0 1 1 0 12169 49.0368 -129.457 24-5-26 17:17:14 46 46 46 1 0 0 0 0 0 136 106 
TELEM 34 11779 87 6 5 0 0 0 0 8198 57.1222 52.1739 0-0-0 0:0:0 0 0 0 0 0 0 0 0 2 135 90 
TELEM 34 11779 87 4 5 0 1 0 0 1 148.269 13.4225 86-65-54 65:68:67 0 0 9 46 118 138 0 0 0 136 88 
TELEM 34 11779 88 5 0 0 1 1 0 12169 49.0366 -129.452 24-5-26 17:17:15 46 46 46 1 0 0 0 0 2 133 220 
TELEM 34 11779 88 6 5 0 0 0 0 7942 57.1222 52.1739 0-0-0 0:0:0 0 0 0 0 0 0 0 0 0 135 187 
TELEM 34 11779 89 5 0 0 1 1 0 8937 40.3335 -119.361 24-5-26 17:17:16 46 46 46 1 0 0 0 0 2 136 183 
TELEM 34 11779 89 6 5 0 0 0 0 7942 57.1222 52.1739 0-0-0 0:0:0 0 0 0 0 0 0 0 0 2 136 19 
TELEM 34 11779 90 5 0 0 1 1 0 9121 40.8328 -119.954 24-5-26 17:17:17 46 46 46 1 0 0 0 0 2 134 167 
TELEM 34 11779 90 6 5 0 0 0 0 7942 55.4444 53.8516 0-0-0 0:0:0 0 0 0 0 0 0 0 0 2 137 121 
TELEM 34 11779 92 5 0 0 1 1 0 12252 49.2608 -130.14 24-5-26 17:17:19 46 46 46 1 0 0 0 0 246 138 114 
TELEM 34 11779 92 6 4 0 0 0 0 7686 57.1221 53.8518 0-0-0 0:0:0 0 0 0 0 0 0 0 0 248 134 76 
TELEM 34 11779 94 5 0 0 1 1 0 12100 48.849 -128.932 24-5-26 17:17:21 46 46 46 1 0 0 0 0 248 141 16 
TELEM 34 11779 94 6 4 0 0 0 0 8454 57.1221 53.8517 0-0-0 0:0:0 0 0 0 0 0 0 0 0 248 132 18 
TELEM 34 11779 94 4 5 0 1 0 0 1 148.479 13.4225 86-65-54 65:68:67 0 0 9 46 118 138 0 0 252 137 58 
TELEM 34 11779 95 5 0 0 1 1 0 12100 48.8487 -128.927 24-5-26 17:17:22 46 46 46 1 0 0 0 0 248 136 10 
TELEM 34 11779 95 6 4 0 0 0 0 8710 57.1221 53.8517 0-0-0 0:0:0 0 0 0 0 0 0 0 0 248 138 126 
TELEM 34 11779 96 5 0 0 1 1 0 12100 48.8485 -128.922 24-5-26 17:17:23 46 46 46 1 0 0 0 0 248 134 250 
TELEM 34 11779 96 6 4 0 0 0 0 8710 57.1221 53.8517 0-0-0 0:0:0 0 0 0 0 0 0 0 0 248 135 222 
TELEM 34 11779 97 5 0 0 1 1 0 14044 54.1945 -115.121 24-5-26 17:17:24 46 46 46 1 0 0 0 0 252 135 166 
TELEM 34 11779 97 6 4 0 0 0 0 8710 57.1221 53.8517 0-0-0 0:0:0 0 0 0 0 0 0 0 0 248 136 62 
TELEM 34 11779 98 5 0 0 1 1 0 14044 54.195 -115.115 24-5-26 17:17:25 46 46 46 1 0 0 0 0 252 135 227 
TELEM 34 11779 98 6 4 0 0 0 0 8710 57.1221 53.8517 0-0-0 0:0:0 0 0 0 0 0 0 0 0 248 134 152 
TELEM 34 11779 99 5 0 0 1 1 0 14044 54.1955 -115.11 24-5-26 17:17:26 46 46 46 1 0 0 0 0 250 137 31 
TELEM 34 11779 99 6 5 0 0 0 0 8710 62.1485 48.8186 0-0-0 0:0:0 0 0 0 0 0 0 0 0 252 133 233 
TELEM 34 11779 99 4 5 0 1 0 0 1 148.269 13.4226 86-65-54 65:68:67 0 0 9 46 118 138 0 0 252 140 252 
TELEM 34 11779 100 5 0 0 1 1 0 14044 54.1961 -115.105 24-5-26 17:17:27 46 46 46 1 0 0 0 0 246 138 85 
TELEM 34 11779 100 6 5 0 0 0 0 8710 62.1484 48.8186 0-0-0 0:0:0 0 0 0 0 0 0 0 0 252 134 75 
TELEM 34 11779 101 5 0 0 1 1 0 14000 54.072 -115.525 24-5-26 17:17:28 46 46 46 1 0 0 0 0 252 133 63 
TELEM 34 11779 101 6 5 0 0 0 0 8454 62.1483 48.8186 0-0-0 0:0:0 0 0 0 0 0 0 0 0 248 134 166 
TELEM 34 11779 102 5 0 0 1 1 0 14045 54.1972 -115.094 24-5-26 17:17:29 46 46 46 1 0 0 0 0 252 133 181 
TELEM 34 11779 102 6 5 0 0 0 0 8710 62.1482 48.8186 0-0-0 0:0:0 0 0 0 0 0 0 0 0 248 136 12 
TELEM 34 11779 104 5 0 0 1 1 0 65333 53.4025 -113.6 24-5-26 17:17:31 46 46 46 1 0 0 0 255 248 132 44 
TELEM 34 11779 104 6 5 0 0 0 0 8710 62.148 48.8186 0-0-0 0:0:0 0 0 0 0 0 0 0 255 246 134 200 
TELEM 34 11779 105 5 0 0 1 1 0 65333 53.4025 -113.6 24-5-26 17:17:32 46 46 46 1 0 0 0 255 248 134 148 
TELEM 34 11779 105 6 5 0 0 0 0 8710 62.148 48.8186 0-0-0 0:0:0 0 0 0 0 0 0 0 255 248 136 48 
TELEM 34 11779 105 4 5 0 1 0 0 1 148.479 13.4226 86-65-54 65:68:67 0 0 9 46 118 138 0 0 248 138 112 
TELEM 34 11779 106 5 0 0 1 1 0 65333 53.4025 -113.6 24-5-26 17:17:33 46 46 46 1 0 0 0 255 248 136 251 
TELEM 34 11779 106 6 5 0 0 0 0 8710 62.148 48.8186 0-0-0 0:0:0 0 0 0 0 0 0 0 255 248 133 145 
TELEM 34 11779 107 5 0 0 1 1 0 65333 53.4025 -113.6 24-5-26 17:17:34 46 46 46 1 0 0 0 255 248 141 102 
TELEM 34 11779 107 6 5 0 0 0 0 8710 62.148 50.4964 0-0-0 0:0:0 0 0 0 0 0 0 0 255 252 138 0 
TELEM 34 11779 108 5 0 0 1 1 0 664 53.407 -113.575 24-5-26 17:17:35 30 10 28 1 0 653 0 0 2 134 51 
TELEM 34 11779 108 6 5 0 0 0 0 8710 62.148 50.4963 0-0-0 0:0:0 0 0 0 0 0 0 0 0 2 137 108 
TELEM 34 11779 109 5 0 0 1 1 0 663 53.407 -113.575 24-5-26 17:17:36 30 10 28 1 0 654 0 0 2 135 181 
TELEM 34 11779 109 6 6 0 0 0 0 8710 62.148 50.4963 29-27-0 0:0:0 0 0 0 0 0 0 0 0 2 132 1 
TELEM 34 54233 455 34 11 0 1 0 0 33153 192.544 194.874 24-210-21 56:63:163 36 24 44 94 413 345 292 54 178 18 24 
TELEM 34 11779 111 5 0 0 1 1 0 663 53.407 -113.575 24-5-26 17:17:38 30 10 28 1 0 654 0 0 2 134 131 
TELEM 34 11779 111 6 6 0 0 0 0 8710 55.4444 52.1737 29-26-0 0:0:0 0 0 0 0 0 0 0 0 2 137 233 
TELEM 34 11779 111 4 5 0 1 0 0 1 148.479 13.4222 86-65-54 65:68:67 0 0 9 46 118 138 0 0 2 133 204 
TELEM 34 11779 112 5 0 0 1 1 0 663 53.407 -113.575 24-5-26 17:17:39 30 10 28 1 0 653 0 0 2 133 150 
TELEM 34 11779 112 6 6 0 0 0 0 8710 55.4444 53.8513 29-27-0 0:0:0 0 0 0 0 0 0 0 0 2 134 75 
TELEM 34 11779 113 5 0 0 1 1 0 662 53.407 -113.575 24-5-26 17:17:40 30 10 28 1 0 653 0 0 2 136 234 
TELEM 34 11779 113 6 6 0 0 0 0 8454 55.4444 52.1735 29-26-0 0:0:0 0 0 0 0 0 0 0 0 2 133 164 
TELEM 34 11779 114 5 0 0 1 1 0 662 53.407 -113.575 24-5-26 17:17:41 30 10 28 1 0 654 0 0 2 135 119 
TELEM 34 11779 114 6 6 0 0 0 0 8710 55.4444 50.4957 29-27-0 0:0:0 0 0 0 0 0 0 0 0 2 133 9 
TELEM 34 11779 116 5 4 1 1 1 1 662 53.407 -113.575 24-5-26 17:17:43 30 10 28 1 0 654 0 0 2 135 194 
TELEM 34 11779 116 6 6 0 0 0 0 8710 55.4444 52.1734 29-26-0 0:0:0 0 0 0 0 0 0 0 0 2 135 212 
TELEM 34 11779 117 5 4 1 1 1 1 663 53.407 -113.575 24-5-26 17:17:44 30 10 28 1 0 654 0 0 2 140 72 
TELEM 34 11779 117 6 6 0 0 0 0 8710 55.4444 50.4957 29-26-0 0:0:0 0 0 0 0 0 0 0 0 2 134 53 
TELEM 34 11779 117 4 5 0 1 0 0 1 148.269 13.422 86-65-54 65:68:67 0 0 9 46 118 138 0 0 2 135 254 
TELEM 34 11779 118 5 4 1 1 1 1 663 53.407 -113.575 24-5-26 17:17:45 30 10 28 1 0 654 0 0 2 137 159 
TELEM 34 11779 118 6 6 0 0 0 0 8710 55.4444 52.1734 29-26-0 0:0:0 0 0 0 0 0 0 0 0 2 135 157 
TELEM 34 11779 120 5 4 1 1 1 1 663 53.407 -113.575 24-5-26 17:17:47 30 10 28 1 0 654 0 0 2 134 75 
TELEM 34 11779 120 6 5 0 0 0 0 8710 57.1221 45.4893 29-27-0 0:0:0 0 0 0 0 0 0 0 0 2 133 123 
TELEM 34 11779 121 5 4 1 1 1 1 664 53.407 -113.575 24-5-26 17:17:48 30 10 28 1 0 654 0 0 2 133 213 
TELEM 34 11779 121 6 5 0 0 0 0 8710 55.4444 45.4893 29-27-0 0:0:0 0 0 0 0 0 0 0 0 2 136 225 
TELEM 34 11779 122 5 0 0 1 1 0 664 53.407 -113.575 24-5-26 17:17:49 46 46 46 1 0 654 0 0 2 133 235 
TELEM 34 11779 122 6 5 0 0 0 0 8710 55.4444 45.4893 29-27-0 0:0:0 0 0 0 0 0 0 0 0 2 134 66 
TELEM 34 11779 123 5 0 0 1 1 0 663 53.407 -113.575 24-5-26 17:17:50 46 46 46 1 0 654 0 0 2 145 71 
TELEM 34 11779 123 6 8 0 0 0 0 8710 62.1482 33.7126 25-30-29 27:30:18 0 0 0 0 0 0 0 0 2 137 234 
TELEM 34 11779 123 4 5 0 1 0 0 1 148.269 13.4226 86-65-54 65:68:67 0 0 9 46 118 138 0 0 2 136 104 
TELEM 34 11779 124 5 0 0 1 1 0 663 53.407 -113.575 24-5-26 17:17:51 46 46 46 1 0 654 0 0 2 133 138 
TELEM 34 11779 124 6 8 0 0 0 0 8710 62.1481 33.7126 25-29-29 27:30:15 0 0 0 0 0 0 0 0 2 133 68 
TELEM 34 11779 125 5 0 0 1 1 0 662 53.407 -113.575 24-5-26 17:17:52 46 46 46 1 0 654 0 0 2 134 217 
TELEM 34 11779 125 6 12 0 0 0 0 5893 25.2191 57.1221 14-19-16 24:23:17 4 4 5 29 41 66 0 0 2 138 61 
TELEM 34 11779 126 5 0 0 1 1 0 662 53.407 -113.575 24-5-26 17:17:53 46 46 46 1 0 654 0 0 2 134 42 
TELEM 34 11779 126 6 12 0 0 0 0 4869 20.186 57.1221 14-16-16 20:23:12 4 3 5 30 69 38 0 0 2 135 145 
TELEM 34 11779 128 5 4 1 1 1 1 663 53.407 -113.575 24-5-26 17:17:55 30 10 28 1 0 0 0 0 2 134 64 
TELEM 34 11779 128 6 12 0 0 0 0 3333 15.1528 57.1221 14-11-20 19:23:9 4 4 5 29 23 20 0 0 2 134 50 
TELEM 34 11779 130 5 5 1 1 1 1 665 53.407 -113.575 24-5-26 17:17:57 6 3 5 1 0 655 0 0 2 133 12 
TELEM 34 11779 130 6 11 0 0 0 0 2821 21.8637 57.1221 14-15-20 20:24:20 5 5 6 13 28 20 0 0 2 138 17 
TELEM 34 11779 130 4 5 0 1 0 0 1 148.689 13.4227 86-65-54 65:68:67 0 0 9 46 118 138 0 0 2 138 106 
TELEM 34 11779 131 5 5 1 1 1 1 667 53.407 -113.575 24-5-26 17:17:58 6 3 5 1 0 654 0 0 2 134 150 
TELEM 34 11779 131 6 11 0 0 0 0 2565 20.186 57.1221 14-14-20 20:24:19 5 5 6 13 28 20 0 0 2 135 110 
TELEM 34 11779 132 5 5 1 1 1 1 670 53.407 -113.575 24-5-26 17:17:59 6 3 5 1 0 654 0 0 2 136 51 
TELEM 34 11779 132 6 11 0 0 0 0 2309 18.5082 57.1221 14-12-20 20:24:19 5 5 6 10 20 20 0 0 2 145 210 
TELEM 34 11779 133 5 5 1 1 1 1 675 53.407 -113.575 24-5-26 17:18:0 6 3 5 1 0 0 0 0 2 137 3 
TELEM 34 11779 133 6 11 0 0 0 0 2309 18.5082 57.1221 14-11-20 20:24:18 5 5 6 10 20 20 0 0 0 135 42 
TELEM 34 11779 134 5 5 1 1 1 1 675 53.407 -113.575 24-5-26 17:18:1 6 3 5 1 0 0 0 0 2 135 69 
TELEM 34 11779 134 6 11 0 0 0 0 2309 16.8305 57.1221 14-11-20 19:24:19 5 5 6 8 18 20 0 0 2 133 138 
TELEM 34 11779 136 5 5 1 1 1 1 674 53.407 -113.575 24-5-26 17:18:3 6 3 5 1 0 654 0 0 2 136 171 
TELEM 34 11779 136 6 10 0 0 0 0 2309 62.1487 16.8698 20-20-24 18:25:28 6 1 6 8 18 20 0 0 2 141 109 
TELEM 34 11779 136 4 5 0 1 0 0 1 148.479 13.4226 86-65-54 65:68:67 0 0 9 46 118 138 0 0 2 135 160 
TELEM 34 11779 137 5 5 1 1 1 1 673 53.407 -113.575 24-5-26 17:18:4 6 3 5 1 0 655 0 0 2 134 1 
TELEM 34 11779 137 6 10 0 0 0 0 2053 62.1487 16.8698 20-19-24 18:25:28 6 1 6 8 18 20 0 0 2 136 203 
TELEM 34 11779 138 5 5 1 1 1 1 673 53.407 -113.575 24-5-26 17:18:5 6 3 5 1 0 655 192 0 2 135 196 
TELEM 34 11779 138 6 10 0 0 0 0 1797 62.1487 16.8698 20-19-24 18:25:28 6 1 6 7 18 20 192 0 2 136 142 
TELEM 34 11779 141 5 5 1 1 1 1 671 53.407 -113.575 24-5-26 17:18:8 6 3 5 1 0 654 192 0 2 133 153 
TELEM 34 11779 141 6 8 0 0 0 0 8710 57.1221 33.6858 24-17-25 28:30:16 6 1 6 7 18 20 192 0 2 134 221 
TELEM 34 11779 142 5 5 1 1 1 1 671 53.407 -113.575 24-5-26 17:18:9 6 3 5 1 0 654 192 0 2 139 8 
TELEM 34 11779 142 6 8 0 0 0 0 8710 57.1221 33.6858 24-17-25 28:30:15 6 1 6 7 18 20 192 0 2 136 66 
TELEM 34 11779 143 5 5 1 1 1 1 671 53.407 -113.575 24-5-26 17:18:10 6 3 5 1 0 655 192 0 2 135 133 
TELEM 34 11779 143 6 8 0 0 0 0 8710 57.1221 33.6857 24-17-25 28:30:11 6 1 6 7 18 20 192 0 2 133 155 
TELEM 34 11779 143 4 5 0 1 0 0 1 148.269 13.422 86-65-54 65:68:67 0 0 9 46 118 138 0 0 2 136 40 
TELEM 34 11779 144 5 5 1 1 1 1 671 53.407 -113.575 24-5-26 17:18:11 6 3 5 1 0 655 192 0 2 135 220 
TELEM 34 11779 144 6 8 0 0 0 0 8710 57.1221 33.6857 24-17-25 28:30:9 6 1 6 7 18 20 192 0 2 138 3 
TELEM 34 11779 145 5 5 1 1 1 1 671 53.407 -113.575 24-5-26 17:18:12 6 3 5 1 0 655 192 0 2 134 35 
TELEM 34 11779 145 6 7 0 0 0 0 8454 57.1221 33.6858 24-16-25 28:30:8 6 1 6 7 18 20 192 0 2 136 98 
TELEM 34 11779 147 5 5 1 1 1 1 671 53.407 -113.575 24-5-26 17:18:14 6 3 5 1 0 0 192 0 2 134 38 
TELEM 34 11779 147 6 7 0 0 0 0 8710 57.1221 33.6858 24-16-25 28:30:8 6 1 6 7 18 20 192 0 2 137 45 
TELEM 34 11779 148 5 5 1 1 1 1 671 53.407 -113.575 24-5-26 17:18:15 6 3 5 1 0 654 192 0 2 135 127 
TELEM 34 11779 148 6 7 0 0 0 0 8454 57.1221 35.3635 24-15-25 27:30:8 6 1 6 7 18 20 192 0 2 139 144 
TELEM 34 11779 149 5 5 1 1 1 1 672 53.407 -113.575 24-5-26 17:18:16 6 3 5 1 0 655 192 0 2 133 254 
TELEM 34 11779 149 6 7 0 0 0 0 8454 57.1221 35.3634 24-15-25 27:30:8 6 1 6 7 18 20 192 0 2 135 240 
TELEM 34 11779 149 4 5 0 1 0 0 1 148.479 13.422 86-65-54 65:68:67 0 0 9 46 118 138 0 0 2 134 160 
TELEM 34 11779 150 5 5 1 1 1 1 673 53.407 -113.575 24-5-26 17:18:17 6 3 5 1 0 655 192 0 2 136 152 
TELEM 34 11779 150 6 7 0 0 0 0 8454 57.1221 35.3634 24-15-25 27:30:8 6 1 6 7 18 20 192 0 2 137 86 
TELEM 34 11779 152 5 5 1 1 1 1 677 53.407 -113.575 24-5-26 17:18:19 6 3 5 1 0 0 192 0 2 135 246 
TELEM 34 11779 152 6 7 0 0 0 0 8454 57.1222 38.7189 24-20-25 28:30:8 6 1 6 7 18 20 192 0 2 132 35 
TELEM 34 11779 153 5 5 1 1 1 1 680 53.407 -113.575 24-5-26 17:18:20 6 3 5 1 0 0 192 0 2 137 193 
TELEM 34 11779 153 6 7 0 0 0 0 8454 57.1222 40.3966 24-20-25 28:30:8 6 1 6 7 18 20 192 0 2 135 140 
TELEM 34 11779 154 5 5 1 1 1 1 683 53.407 -113.575 24-5-26 17:18:21 6 3 5 1 0 0 192 0 2 135 106 
TELEM 34 11779 154 6 7 0 0 0 0 8454 57.1221 40.3966 24-20-25 27:30:8 6 1 6 7 18 20 192 0 2 141 245 
TELEM 34 11779 156 5 4 1 1 1 1 686 53.407 -113.575 24-5-26 17:18:23 13 8 10 1 0 0 192 0 2 137 2 
TELEM 34 11779 156 6 5 0 0 0 0 8710 58.7998 32.0346 24-19-25 27:30:8 6 1 6 7 18 20 192 0 0 134 199 
TELEM 34 11779 156 4 5 0 1 0 0 1 148.06 13.4224 86-65-54 65:68:67 0 0 9 46 118 138 0 0 0 133 49 
TELEM 34 11779 157 5 4 1 1 1 1 688 53.407 -113.575 24-5-26 17:18:24 13 8 10 1 0 0 192 0 2 133 205 
TELEM 34 11779 157 6 6 0 0 0 0 8710 57.1221 32.0346 25-26-25 27:30:8 6 1 6 7 18 20 192 0 2 136 56 
TELEM 34 11779 158 5 5 1 1 1 1 690 53.4071 -113.575 24-5-26 17:18:25 6 3 5 1 0 0 192 0 2 137 111 
TELEM 34 11779 158 6 6 0 0 0 0 8710 57.1221 32.0346 25-26-25 27:30:8 6 1 6 7 18 20 192 0 2 136 157 
TELEM 34 11779 160 5 5 1 1 1 1 694 53.4071 -113.575 24-5-26 17:18:27 6 3 5 1 0 0 192 0 2 134 193 
TELEM 34 11779 160 6 6 0 0 0 0 8710 58.7998 28.6792 25-26-25 27:30:8 6 1 6 7 18 20 192 0 2 134 97 
TELEM 34 11779 161 5 5 1 1 1 1 696 53.4071 -113.575 24-5-26 17:18:28 6 3 5 1 0 0 192 0 2 138 106 
TELEM 34 11779 161 6 6 0 0 0 0 8710 58.7998 30.3569 25-27-25 27:30:8 6 1 6 7 18 20 192 0 2 134 200 
TELEM 34 11779 162 5 5 1 1 1 1 699 53.4071 -113.575 24-5-26 17:18:29 6 3 5 1 0 1 278 0 2 141 186 
TELEM 34 11779 162 6 11 0 0 0 0 8710 58.7998 32.0215 23-24-24 18:25:27 5 3 5 23 54 20 278 0 2 146 132 
TELEM 34 11779 162 4 5 0 1 0 0 1 148.898 13.4224 86-65-54 65:68:67 0 0 9 46 118 138 0 0 2 134 15 
TELEM 34 11779 164 5 5 1 1 1 1 702 53.4071 -113.575 24-5-26 17:18:31 6 3 5 1 0 1 322 0 2 134 84 
TELEM 34 11779 164 6 11 0 0 0 0 8710 58.7998 20.2774 23-17-24 18:25:27 5 2 5 17 38 20 322 0 2 138 60 
TELEM 34 11779 165 5 5 1 1 1 1 703 53.4071 -113.575 24-5-26 17:18:32 6 3 5 1 0 1 338 0 2 135 198 
TELEM 34 11779 165 6 11 0 0 0 0 8710 58.7998 18.5997 23-16-24 18:25:27 5 2 5 14 33 20 338 0 2 137 159 
TELEM 34 11779 166 5 5 1 1 1 1 703 53.4071 -113.575 24-5-26 17:18:33 6 3 5 1 0 1 338 0 2 134 20 
TELEM 34 11779 166 6 11 0 0 0 0 8710 58.7998 13.5666 23-14-24 17:25:27 5 2 5 10 25 20 338 0 2 132 242 
TELEM 34 11779 168 5 5 1 1 1 1 704 53.4071 -113.575 24-5-26 17:18:35 6 3 5 1 0 0 0 0 2 135 99 
TELEM 34 11779 168 6 10 0 0 0 0 8710 58.7998 23.6395 24-17-25 27:26:9 5 1 6 11 25 20 0 0 2 132 25 
TELEM 34 11779 169 5 5 1 1 1 1 704 53.4071 -113.575 24-5-26 17:18:36 6 3 5 1 0 0 0 0 2 134 215 
TELEM 34 11779 169 6 10 0 0 0 0 8710 58.7998 25.3172 24-17-25 27:26:8 5 1 6 13 25 20 0 0 0 139 130 
TELEM 34 11779 169 4 5 0 1 0 0 1 148.06 13.4224 86-65-54 65:68:67 0 0 9 46 118 138 0 0 2 137 81 
TELEM 34 11779 170 5 5 1 1 1 1 704 53.4071 -113.575 24-5-26 17:18:37 6 3 5 1 0 0 0 0 2 141 10 
TELEM 34 11779 170 6 10 0 0 0 0 8710 58.7999 23.6395 24-17-25 28:26:7 5 1 6 12 25 20 0 0 2 134 227 
TELEM 34 11779 172 5 5 1 1 1 1 704 53.4071 -113.575 24-5-26 17:18:39 6 3 5 1 0 0 0 0 2 133 213 
TELEM 34 11779 172 6 9 0 0 0 0 8710 57.1221 23.6395 24-16-25 28:27:8 6 2 6 12 25 20 0 0 2 133 180 
TELEM 34 11779 173 5 5 1 1 1 1 704 53.4071 -113.575 24-5-26 17:18:40 6 3 5 1 0 0 0 0 2 134 57 
TELEM 34 11779 173 6 8 0 0 0 0 8710 57.1222 23.6395 24-15-25 28:30:12 6 2 6 12 25 20 0 0 2 134 29 
TELEM 34 11779 174 5 5 1 1 1 1 704 53.4071 -113.575 24-5-26 17:18:41 6 3 5 1 0 0 0 0 2 136 176 
TELEM 34 11779 174 6 8 0 0 0 0 8710 57.1222 23.6395 24-15-25 28:30:9 6 2 6 12 25 20 0 0 2 137 130 
TELEM 34 11779 175 5 5 1 1 1 1 705 53.4071 -113.575 24-5-26 17:18:42 6 3 5 1 0 0 0 0 2 133 65 
TELEM 34 11779 175 6 8 0 0 0 0 8710 57.1222 25.3172 24-16-25 28:30:12 6 2 6 12 25 20 0 0 0 139 236 
TELEM 34 11779 175 4 5 0 1 0 0 1 148.269 13.4224 86-65-54 65:68:67 0 0 9 46 118 138 0 0 2 141 208 
TELEM 34 11779 177 5 5 1 1 1 1 705 53.4071 -113.575 24-5-26 17:18:44 6 3 5 1 0 0 0 0 2 135 95 
TELEM 34 11779 177 6 7 0 0 0 0 8710 57.1222 27.0015 25-28-30 10:30:12 6 2 6 12 25 20 0 0 2 135 180 
TELEM 34 11779 178 5 5 1 1 1 1 705 53.4071 -113.575 24-5-26 17:18:45 6 3 5 1 0 0 0 0 2 135 220 
TELEM 34 11779 178 6 6 0 0 0 0 8966 58.7999 27.0015 25-29-30 10:30:12 6 2 6 12 25 20 0 0 2 134 25 
TELEM 34 11779 179 5 5 1 1 1 1 706 53.4071 -113.575 24-5-26 17:18:46 6 3 5 1 0 0 0 0 2 138 102 
TELEM 34 11779 179 6 6 0 0 0 0 8966 58.7999 28.6792 25-29-30 10:30:12 6 2 6 12 25 20 0 0 2 135 129 
TELEM 34 11779 180 5 5 1 1 1 1 707 53.4071 -113.575 24-5-26 17:18:47 6 3 5 1 0 0 0 0 2 135 12 
TELEM 34 11779 180 6 6 0 0 0 0 8966 58.7999 27.0015 25-29-30 10:30:12 6 2 6 12 25 20 0 0 2 136 228 
TELEM 34 11779 182 5 5 1 1 1 1 708 53.4071 -113.575 24-5-26 17:18:49 6 3 5 1 0 0 0 0 2 133 72 
TELEM 34 11779 182 6 6 0 0 0 0 8966 57.1222 27.0015 25-29-30 10:30:12 6 2 6 12 25 20 0 0 2 139 174 
TELEM 34 11779 182 4 5 0 1 0 0 1 148.06 13.4224 86-65-54 65:68:67 0 0 9 46 118 138 0 0 2 135 104 
TELEM 34 11779 183 5 5 1 1 1 1 708 53.4071 -113.575 24-5-26 17:18:50 6 3 5 1 0 0 0 0 2 134 174 
TELEM 34 11779 183 6 6 0 0 0 0 8710 57.1221 21.9683 25-28-30 10:30:12 6 2 6 12 25 20 0 0 2 137 10 
TELEM 34 11779 184 5 5 1 1 1 1 709 53.4071 -113.575 24-5-26 17:18:51 6 3 5 1 0 0 0 0 2 134 67 
TELEM 34 11779 184 6 6 0 0 0 0 8966 57.1221 25.3237 25-28-30 10:30:12 6 2 6 12 25 20 0 0 0 134 110 
TELEM 34 11779 185 5 5 1 1 1 1 709 53.4071 -113.575 24-5-26 17:18:52 6 3 5 1 0 0 0 0 2 134 148 
TELEM 34 11779 185 6 6 0 0 0 0 8966 57.1222 27.0014 25-28-30 10:30:12 6 2 6 12 25 20 0 0 2 134 213 
TELEM 34 11779 186 5 5 1 1 1 1 709 53.4071 -113.575 24-5-26 17:18:53 6 3 5 1 0 0 0 0 2 135 24 
TELEM 34 11779 186 6 7 0 0 0 0 8966 57.1222 28.6792 25-28-28 27:30:12 6 2 6 12 25 20 0 0 2 134 74 
TELEM 34 11779 188 5 4 1 1 1 1 709 53.4071 -113.575 24-5-26 17:18:55 33 11 31 1 0 0 0 0 2 135 236 
TELEM 34 11779 188 6 6 0 0 0 0 8966 58.7999 47.1405 28-32-28 31:30:12 6 2 6 12 25 20 0 0 2 134 38 
TELEM 34 11779 188 4 5 0 1 0 0 1 148.479 13.4222 86-65-54 65:68:67 0 0 9 46 118 138 0 0 2 139 2 
TELEM 34 11779 189 5 4 1 1 1 1 708 53.4071 -113.575 24-5-26 17:18:56 33 11 31 1 0 655 0 0 2 135 30 
TELEM 34 11779 189 6 6 0 0 0 0 9222 58.7999 47.1405 28-32-28 31:30:12 6 2 6 12 25 20 0 0 2 134 140 
TELEM 34 11779 190 5 4 1 1 1 1 707 53.4071 -113.575 24-5-26 17:18:57 33 11 31 1 0 0 0 0 2 139 136 
TELEM 34 11779 190 6 6 0 0 0 0 8966 58.7999 47.1405 28-32-28 31:30:12 6 2 6 12 25 20 0 0 2 138 244 
TELEM 34 11779 191 5 4 1 1 1 1 707 53.4071 -113.575 24-5-26 17:18:58 33 11 31 1 0 0 0 0 2 134 251 
TELEM 34 11779 191 6 6 0 0 0 0 9222 58.7999 47.1405 28-32-28 31:30:12 6 2 6 12 25 20 0 0 0 137 86 
TELEM 34 11779 193 5 4 1 1 1 1 707 53.4071 -113.575 24-5-26 17:19:0 33 11 31 1 0 0 0 0 2 134 152 
TELEM 34 11779 193 6 8 0 0 0 0 9222 58.7999 30.3438 24-16-25 28:28:33 34 2 48 2 99 196 306 153 2 7 242 
TELEM 34 11779 194 5 4 1 1 1 1 706 53.4071 -113.575 24-5-26 17:19:1 33 11 31 1 0 655 0 0 0 135 218 
TELEM 34 11779 194 6 8 0 0 0 0 9222 58.7999 26.9883 24-16-25 28:28:33 6 2 6 12 25 20 0 0 2 137 109 
TELEM 34 11779 194 4 5 0 1 0 0 1 148.06 13.4223 86-65-54 65:68:67 0 0 9 46 118 138 0 0 2 135 21 
TELEM 34 11779 195 5 4 1 1 1 1 706 53.4071 -113.575 24-5-26 17:19:2 33 11 31 1 0 0 0 0 2 138 72 
TELEM 34 11779 195 6 8 0 0 0 0 9222 58.7999 21.955 24-16-25 28:28:33 6 2 6 12 25 20 0 0 2 134 202 
TELEM 34 11779 196 5 4 1 1 1 1 705 53.4071 -113.575 24-5-26 17:19:3 33 11 31 1 0 0 0 0 2 135 184 
TELEM 34 11779 196 6 8 0 0 0 0 8710 55.4444 13.5663 24-16-25 27:28:31 6 2 6 12 25 20 0 0 2 136 31 
TELEM 34 11779 198 5 4 1 1 1 1 705 53.4071 -113.575 24-5-26 17:19:5 33 11 31 1 0 0 0 0 2 136 68 
TELEM 34 11779 198 6 7 0 0 0 0 8966 57.1221 27.0011 25-27-28 32:28:32 6 2 6 12 25 20 0 0 0 134 4 
TELEM 34 11779 199 5 4 1 1 1 1 704 53.4071 -113.575 24-5-26 17:19:6 33 11 31 1 0 655 0 0 2 136 122 
TELEM 34 11779 199 6 7 0 0 0 0 8966 57.1221 27.0011 25-27-28 32:28:32 6 2 6 12 25 20 0 0 2 134 107 
TELEM 34 11779 200 5 4 1 1 1 1 704 53.4071 -113.575 24-5-26 17:19:7 33 11 31 1 0 655 0 0 2 135 230 
TELEM 34 11779 200 6 7 0 0 0 0 8966 57.1222 27.0011 25-28-28 32:28:32 6 2 6 12 25 20 0 0 2 135 211 
TELEM 34 11779 200 4 5 0 1 0 0 1 148.06 13.422 86-65-54 65:68:67 0 0 9 46 118 138 0 0 2 136 108 
TELEM 34 11779 201 5 4 1 1 1 1 703 53.4071 -113.575 24-5-26 17:19:8 33 11 31 1 0 655 0 0 2 137 25 
TELEM 34 11779 201 6 8 0 0 0 0 4611 63.8264 18.6 24-16-25 28:28:32 6 2 6 12 25 20 0 0 2 134 17 
TELEM 34 11779 202 5 4 1 1 1 1 701 53.4071 -113.575 24-5-26 17:19:9 33 11 31 1 0 0 0 0 2 133 95 
TELEM 34 11779 202 6 9 0 0 0 0 4355 63.8264 38.7195 22-10-24 15:25:28 5 6 6 12 25 20 0 0 2 135 118 
TELEM 34 11779 204 5 5 1 1 1 1 698 53.4071 -113.575 24-5-26 17:19:11 6 3 5 1 0 655 0 0 2 137 121 
TELEM 34 11779 204 6 8 0 0 0 0 2819 62.1487 40.3973 24-15-25 28:28:33 5 6 6 12 25 20 0 0 2 137 85 
TELEM 34 11779 205 5 5 1 1 1 1 695 53.4071 -113.575 24-5-26 17:19:12 6 3 5 1 0 654 0 0 2 137 162 
TELEM 34 11779 205 6 8 0 0 0 0 2307 63.8264 40.3973 24-14-25 28:28:33 5 6 6 12 25 20 0 0 2 133 180 
TELEM 34 11779 206 5 5 1 1 1 1 695 53.4071 -113.575 24-5-26 17:19:13 6 3 5 1 0 654 0 0 2 134 219 
TELEM 34 11779 206 6 8 0 0 0 0 2051 63.8264 42.075 24-12-25 29:28:33 5 6 6 12 25 20 0 0 0 135 23 
TELEM 34 11779 206 4 5 0 1 0 0 1 148.689 13.4226 86-65-54 65:68:67 0 0 9 46 118 138 0 0 2 140 57 
TELEM 34 11779 208 5 5 1 1 1 1 700 53.4071 -113.575 24-5-26 17:19:15 6 3 5 1 0 655 306 156 2 11 98 
TELEM 34 11779 208 6 9 0 0 0 0 1795 40.3186 57.1222 20-25-24 12:25:29 5 6 6 12 25 20 0 0 2 149 211 
TELEM 34 11779 209 5 5 1 1 1 1 702 53.4071 -113.575 24-5-26 17:19:16 6 3 5 1 0 0 0 0 2 134 84 
TELEM 34 11779 209 6 9 0 0 0 0 2051 33.6077 57.1222 20-26-24 12:25:29 5 6 6 12 25 20 0 0 2 135 39 
TELEM 34 11779 210 5 5 1 1 1 1 704 53.4071 -113.575 24-5-26 17:19:17 6 3 5 1 0 0 0 0 2 137 20 
TELEM 34 11779 210 6 9 0 0 0 0 2307 28.5746 57.1222 20-26-24 11:25:29 5 6 6 12 25 20 0 0 2 136 137 
TELEM 34 11779 211 5 5 1 1 1 1 705 53.4071 -113.575 24-5-26 17:19:18 6 3 5 1 0 0 0 0 2 135 197 
TELEM 34 11779 211 6 9 0 0 0 0 3331 25.2191 57.1222 20-26-24 12:25:29 5 6 6 12 25 20 0 0 2 133 237 
TELEM 34 11779 212 5 5 1 1 1 1 707 53.4071 -113.575 24-5-26 17:19:19 6 3 5 1 0 0 0 0 2 133 69 
TELEM 34 11779 212 6 8 0 0 0 0 8710 63.8259 43.7527 24-12-25 29:28:33 5 6 6 12 25 20 0 0 2 132 121 
TELEM 34 11779 212 4 5 0 1 0 0 1 148.06 13.4226 86-65-54 65:68:67 0 0 9 46 118 138 0 0 0 136 42 
TELEM 34 11779 214 5 5 1 1 1 1 708 53.4071 -113.575 24-5-26 17:19:21 6 3 5 1 0 0 0 0 2 134 67 
TELEM 34 11779 214 6 8 0 0 0 0 8966 63.8259 43.7527 24-11-25 29:28:34 5 6 6 12 25 20 0 0 2 134 71 
TELEM 34 11779 215 5 5 1 1 1 1 709 53.4071 -113.575 24-5-26 17:19:22 6 3 5 1 0 0 0 0 2 137 218 
TELEM 34 11779 215 6 8 0 0 0 0 8966 63.8258 43.7527 24-11-25 29:28:34 5 6 6 12 25 20 0 0 2 134 169 
TELEM 34 11779 216 5 5 1 1 1 1 710 53.4071 -113.575 24-5-26 17:19:23 6 3 5 1 0 0 270 0 2 142 232 
TELEM 34 11779 216 6 8 0 0 0 0 8710 63.8258 43.7527 24-11-25 29:28:33 5 6 6 12 25 20 270 0 2 136 147 
TELEM 34 11779 218 5 6 1 1 1 1 710 53.4071 -113.575 24-5-26 17:19:25 4 2 3 1 0 0 6 192 0 13 110 
TELEM 34 11779 218 6 8 0 0 0 0 8966 63.8259 43.7527 24-9-25 29:28:34 5 6 6 12 25 20 12 0 2 133 223 
TELEM 34 11779 219 5 6 1 1 1 1 710 53.4072 -113.575 24-5-26 17:19:26 4 2 3 1 0 0 12 0 2 134 253 
TELEM 34 11779 219 6 7 0 0 0 0 8966 63.8259 43.7527 25-29-28 34:28:34 5 6 6 12 25 20 12 0 2 134 94 
TELEM 34 11779 219 4 5 0 1 0 0 1 148.06 13.4226 86-65-54 65:68:67 0 0 9 46 118 138 0 0 2 135 236 
TELEM 34 11779 220 5 6 1 1 1 1 710 53.4072 -113.575 24-5-26 17:19:27 4 2 3 1 0 0 12 0 2 135 94 
TELEM 34 11779 220 6 7 0 0 0 0 8966 63.8258 45.4304 25-29-28 34:28:34 5 6 6 12 25 20 12 0 2 135 192 
TELEM 34 11779 221 5 6 1 1 1 1 710 53.4072 -113.575 24-5-26 17:19:28 4 2 3 1 0 0 12 0 2 133 206 
TELEM 34 11779 221 6 8 0 0 0 0 5891 21.8637 57.1222 20-27-25 29:28:34 5 6 6 12 25 20 12 0 0 134 1 
TELEM 34 11779 222 5 6 1 1 1 1 711 53.4072 -113.575 24-5-26 17:19:29 4 2 3 1 0 0 12 0 2 134 52 
TELEM 34 11779 222 6 8 0 0 0 0 5635 23.5414 55.4444 20-27-25 29:28:34 5 6 6 12 25 20 12 0 2 136 105 
TELEM 34 11779 224 5 6 1 1 1 1 712 53.4072 -113.575 24-5-26 17:19:31 4 2 3 1 0 0 12 0 2 135 240 
TELEM 34 11779 224 6 9 0 0 0 0 5379 25.2191 57.1222 18-15-20 27:25:29 5 6 6 12 25 20 12 0 2 133 20 
TELEM 34 11779 225 5 6 1 1 1 1 712 53.4072 -113.575 24-5-26 17:19:32 4 2 3 1 0 0 12 0 2 135 95 
TELEM 34 11779 225 6 8 0 0 0 0 5123 63.8264 25.2846 20-27-25 29:28:34 5 6 6 12 25 20 12 0 0 135 157 
TELEM 34 11779 225 4 5 0 1 0 0 1 148.06 13.4226 86-65-54 65:68:67 0 0 9 46 118 138 0 0 2 136 71 
TELEM 34 11779 226 5 6 1 1 1 1 712 53.4072 -113.575 24-5-26 17:19:33 4 2 3 1 0 0 12 0 2 133 223 
TELEM 34 11779 226 6 8 0 0 0 0 5123 63.8264 21.9292 20-27-25 29:28:34 5 6 6 12 25 20 12 0 2 134 0 
TELEM 34 11779 228 5 6 1 1 1 1 713 53.4072 -113.575 24-5-26 17:19:35 4 2 3 1 0 655 12 0 0 136 210 
TELEM 34 11779 228 6 8 0 0 0 0 4611 63.8264 18.5737 20-27-25 29:28:34 5 6 6 12 25 20 12 0 2 133 196 
TELEM 34 11779 229 5 6 1 1 1 1 713 53.4072 -113.575 24-5-26 17:19:36 4 2 3 1 0 655 12 0 2 138 71 
TELEM 34 11779 229 6 7 0 0 0 0 4867 63.8264 45.4304 25-29-28 34:28:34 5 6 6 12 25 20 12 0 2 135 75 
TELEM 34 11779 231 5 6 1 1 1 1 713 53.4072 -113.575 24-5-26 17:19:38 4 2 3 1 0 655 12 0 2 135 31 
TELEM 34 11779 231 6 7 0 0 0 0 4867 63.8264 45.4304 25-29-28 33:28:34 5 6 6 12 25 20 12 0 2 135 19 
TELEM 34 11779 232 5 6 1 1 1 1 712 53.4072 -113.575 24-5-26 17:19:39 4 2 3 1 0 655 12 0 2 134 120 
TELEM 34 11779 232 6 7 0 0 0 0 5123 63.8264 45.4304 25-29-28 33:28:34 5 6 6 12 25 20 12 0 2 135 121 
TELEM 34 11779 232 4 5 0 1 0 0 1 148.06 13.4226 86-65-54 65:68:67 0 0 9 46 118 138 0 0 2 135 4 
TELEM 34 11779 234 5 5 1 1 1 1 712 53.4072 -113.575 24-5-26 17:19:41 13 7 11 1 0 0 12 0 2 134 159 
TELEM 34 11779 234 6 8 0 0 0 0 6404 63.8264 23.5807 20-27-25 28:28:33 5 6 6 12 25 20 12 0 2 137 39 
TELEM 34 11779 235 5 6 1 1 1 1 712 53.4072 -113.575 24-5-26 17:19:42 4 2 3 1 0 0 12 0 2 134 147 
TELEM 34 11779 235 6 8 0 0 0 0 5380 63.8264 16.8698 20-27-25 28:28:33 5 6 6 12 25 20 12 0 2 135 129 
TELEM 34 11779 236 5 4 1 1 1 1 712 53.4072 -113.575 24-5-26 17:19:43 18 10 15 1 0 655 12 0 2 140 125 
TELEM 34 11779 236 6 6 0 0 0 0 4612 63.8264 13.5143 28-33-25 28:28:33 5 6 6 12 25 20 12 0 2 136 236 
TELEM 34 11779 238 5 5 1 1 1 1 711 53.4072 -113.575 24-5-26 17:19:45 13 7 11 1 0 655 12 0 2 133 208 
TELEM 34 11779 238 6 7 0 0 0 0 3332 62.1487 13.5143 25-28-28 33:28:33 5 6 6 12 25 20 12 0 2 135 176 
TELEM 34 11779 239 5 4 1 1 1 1 710 53.4072 -113.575 24-5-26 17:19:46 18 10 15 1 0 655 12 0 2 135 47 
TELEM 34 11779 239 6 5 0 0 0 0 3076 63.8264 55.5491 25-28-28 33:28:33 5 6 6 12 25 20 12 0 2 135 57 
TELEM 34 11779 239 4 5 0 1 0 0 1 148.06 13.4226 86-65-54 65:68:67 0 0 9 46 118 138 0 0 2 134 192 
TELEM 34 11779 240 5 4 1 1 1 1 709 53.4072 -113.575 24-5-26 17:19:47 18 10 15 1 0 654 56 0 2 134 155 
TELEM 34 11779 240 6 6 0 0 0 0 3588 63.8264 37.0745 28-33-28 33:28:33 5 6 6 12 25 20 56 0 2 134 176 
TELEM 34 11779 242 5 5 1 1 1 1 708 53.4072 -113.575 24-5-26 17:19:49 13 7 11 1 0 655 56 0 2 133 252 
TELEM 34 11779 242 6 7 0 0 0 0 4611 58.7598 53.7667 25-22-28 33:28:33 5 6 6 12 25 20 56 0 2 133 73 
TELEM 34 11779 243 5 5 1 1 1 1 708 53.4072 -113.575 24-5-26 17:19:50 13 7 11 1 0 655 56 0 2 139 122 
TELEM 34 11779 243 6 7 0 0 0 0 4867 58.7598 53.7667 25-24-28 33:28:33 5 6 6 12 25 20 56 0 2 138 183 
TELEM 34 11779 245 5 5 1 1 1 1 707 53.4072 -113.575 24-5-26 17:19:52 13 7 11 1 0 0 56 0 2 135 57 
TELEM 34 11779 245 6 7 0 0 0 0 5635 60.4375 52.089 25-26-28 33:28:33 5 6 6 12 25 20 56 0 2 134 129 
TELEM 34 11779 246 5 5 1 1 1 1 706 53.4072 -113.575 24-5-26 17:19:53 13 7 11 1 0 655 56 0 0 133 104 
TELEM 34 11779 246 6 7 0 0 0 0 5635 58.7598 52.089 25-26-28 32:28:33 5 6 6 12 25 20 56 0 2 133 226 
TELEM 34 11779 246 4 5 0 1 0 0 1 147.85 13.4227 86-65-54 65:68:67 0 0 9 46 118 138 0 0 0 145 110 
TELEM 34 11779 247 5 5 1 1 1 1 705 53.4071 -113.575 24-5-26 17:19:54 13 7 11 1 0 655 56 0 2 133 171 
TELEM 34 11779 247 6 7 0 0 0 0 5635 58.7598 52.089 25-26-28 32:28:33 5 6 6 12 25 20 56 0 0 136 70 
TELEM 34 11779 248 5 5 1 1 1 1 703 53.4071 -113.575 24-5-26 17:19:55 13 7 11 1 0 655 56 0 0 136 230 
TELEM 34 11779 248 6 7 0 0 0 0 5379 58.7598 50.4113 25-26-28 32:28:33 5 6 6 12 25 20 56 0 2 134 170 
TELEM 34 11779 250 5 5 1 1 1 1 700 53.4071 -113.575 24-5-26 17:19:57 13 7 11 1 0 654 56 0 0 136 80 
TELEM 34 11779 250 6 7 0 0 0 0 5123 63.8264 38.7195 25-26-28 32:28:33 5 6 6 12 25 20 56 0 2 135 146 
TELEM 34 11779 251 5 5 1 1 1 1 699 53.4071 -113.575 24-5-26 17:19:58 13 7 11 1 0 654 86 0 2 136 196 
TELEM 34 11779 251 6 7 0 0 0 0 4867 63.8264 43.7526 25-25-28 33:28:33 5 6 6 12 25 20 86 0 2 134 7 
TELEM 34 11779 252 5 6 1 1 1 1 698 53.4071 -113.575 24-5-26 17:19:59 4 2 3 1 0 654 86 0 2 135 142 
TELEM 34 11779 252 6 7 0 0 0 0 4867 63.8264 43.7526 25-25-28 33:28:33 5 6 6 12 25 20 86 0 2 135 108 
TELEM 34 11779 252 4 5 0 1 0 0 1 148.06 13.4226 86-65-54 65:68:67 0 0 9 46 118 138 0 0 2 134 217 
TELEM 34 11779 253 5 6 1 1 1 1 698 53.4071 -113.575 24-5-26 17:20:0 4 2 3 1 0 655 86 0 0 134 146 
TELEM 34 11779 253 6 7 0 0 0 0 4867 63.8264 45.4303 25-25-28 33:28:33 5 6 6 12 25 20 86 0 0 132 204 
TELEM 34 11779 255 5 5 1 1 1 1 695 53.4071 -113.575 24-5-26 17:20:2 13 7 11 1 0 654 136 0 0 134 70 
TELEM 34 11779 255 6 6 0 0 0 0 4867 63.8264 42.1077 28-33-28 33:28:33 5 6 6 12 25 20 136 0 2 134 191 
TELEM 34 11779 256 5 5 1 1 1 1 694 53.4071 -113.575 24-5-26 17:20:3 13 7 11 1 0 654 136 0 2 138 187 
TELEM 34 11779 256 6 6 0 0 0 0 4611 63.8264 40.43 28-33-28 33:28:33 5 6 6 12 25 20 136 0 2 136 35 
TELEM 34 11779 257 5 5 1 1 1 1 694 53.4071 -113.575 24-5-26 17:20:4 13 7 11 1 0 655 136 0 0 134 24 
TELEM 34 11779 257 6 6 0 0 0 0 4611 63.8264 40.43 28-33-28 33:28:33 5 6 6 12 25 20 136 0 0 134 134 
TELEM 34 11779 258 5 5 1 1 1 1 694 53.4071 -113.575 24-5-26 17:20:5 13 7 11 1 0 654 136 0 2 133 54 
TELEM 34 11779 258 6 6 0 0 0 0 4355 62.1487 38.7522 28-32-28 33:28:33 5 6 6 12 25 20 136 0 2 136 229 
TELEM 34 11779 258 4 5 0 1 0 0 1 148.06 13.4225 86-65-54 65:68:67 0 0 9 46 118 138 0 0 0 134 47 
TELEM 34 11779 260 5 5 1 1 1 1 694 53.4071 -113.575 24-5-26 17:20:7 13 7 11 1 0 655 136 0 2 134 31 
TELEM 34 11779 260 6 7 0 0 0 0 4355 60.4709 42.0749 25-22-28 31:28:33 5 6 6 12 25 20 136 0 2 134 152 
TELEM 34 11779 261 5 6 1 1 1 1 694 53.4071 -113.575 24-5-26 17:20:8 4 2 3 1 0 0 136 0 2 134 229 
TELEM 34 11779 261 6 7 0 0 0 0 4355 62.1487 45.4303 25-23-28 32:28:33 5 6 6 12 25 20 136 0 2 133 3 
TELEM 34 11779 262 5 5 1 1 1 1 694 53.4071 -113.575 24-5-26 17:20:9 13 7 11 1 0 0 136 0 2 134 175 
TELEM 34 11779 262 6 6 0 0 0 0 4611 62.1487 37.0745 28-32-28 32:28:33 5 6 6 12 25 20 136 0 2 138 121 
TELEM 34 11779 264 5 5 1 1 1 1 693 53.4071 -113.575 24-5-26 17:20:11 13 7 11 1 0 0 136 0 2 149 48 
TELEM 34 11779 264 6 6 0 0 0 0 4867 63.8264 35.3968 28-33-28 32:28:33 5 6 6 12 25 20 136 0 2 133 62 
TELEM 34 11779 265 5 5 1 1 1 1 694 53.4071 -113.575 24-5-26 17:20:12 13 7 11 1 0 0 136 0 0 134 129 
TELEM 34 11779 265 6 6 0 0 0 0 4611 62.1486 33.719 28-32-28 32:28:33 5 6 6 12 25 20 136 0 0 136 157 
TELEM 34 11779 265 4 5 0 1 0 0 1 147.85 13.4225 86-65-54 65:68:67 0 0 9 46 118 138 0 0 0 134 205 
TELEM 34 11779 266 5 5 1 1 1 1 694 53.4071 -113.575 24-5-26 17:20:13 13 7 11 1 0 0 136 0 2 136 221 
TELEM 34 11779 266 6 6 0 0 0 0 4611 62.1486 33.719 28-32-28 32:28:33 5 6 6 12 25 20 136 0 0 134 1 
TELEM 34 11779 267 5 5 1 1 1 1 694 53.4071 -113.575 24-5-26 17:20:14 13 7 11 1 0 0 136 0 0 134 33 
TELEM 34 11779 267 6 6 0 0 0 0 4611 63.8264 37.0745 28-33-28 32:28:33 5 6 6 12 25 20 136 0 2 139 112 
TELEM 34 11779 268 5 5 1 1 1 1 694 53.4071 -113.575 24-5-26 17:20:15 13 7 11 1 0 0 136 0 2 139 165 
TELEM 34 11779 268 6 6 0 0 0 0 4355 63.8264 37.0745 28-33-28 32:28:33 5 6 6 12 25 20 136 0 2 131 203 
TELEM 34 11779 270 5 5 1 1 1 1 694 53.4071 -113.575 24-5-26 17:20:17 13 7 11 1 0 0 136 0 2 138 129 
TELEM 34 11779 270 6 8 0 0 0 0 4355 62.1486 42.0749 24-16-25 21:28:32 5 6 6 12 25 20 136 0 2 135 114 
TELEM 34 11779 272 5 6 1 1 1 1 693 53.4071 -113.575 24-5-26 17:20:19 4 2 3 1 0 0 136 0 2 137 79 
TELEM 34 11779 272 6 10 0 0 0 0 4099 35.2985 47.0558 14-12-20 24:24:15 5 3 5 32 25 20 136 0 0 146 17 
TELEM 34 11779 272 4 5 0 1 0 0 1 147.85 13.4227 86-65-54 65:68:67 0 0 9 46 118 138 0 0 2 141 157 
TELEM 34 11779 273 5 6 1 1 1 1 692 53.4071 -113.575 24-5-26 17:20:20 4 2 3 1 0 0 136 0 0 133 109 
TELEM 34 11779 273 6 10 0 0 0 0 4099 28.5876 45.378 14-9-20 24:24:15 5 3 5 32 25 20 136 0 0 136 96 
TELEM 34 11779 276 5 5 1 1 1 1 693 53.4071 -113.575 24-5-26 17:20:23 13 7 11 1 0 0 136 0 4 133 92 
TELEM 34 11779 276 6 9 0 0 0 0 4867 21.8768 45.378 14-10-24 16:25:18 5 6 5 33 25 20 136 0 2 136 161 
TELEM 34 11779 276 5 5 1 1 1 1 693 53.4071 -113.575 24-5-26 17:20:23 13 7 11 1 0 0 136 0 4 132 91 
TELEM 34 11779 276 6 9 0 0 0 0 4867 20.199 45.3781 14-8-24 16:25:18 5 6 5 33 25 20 136 0 4 135 161 
TELEM 34 11779 277 5 5 1 1 1 1 693 53.4071 -113.575 24-5-26 17:20:24 13 7 11 1 0 655 136 0 2 141 177 
TELEM 34 11779 277 6 9 0 0 0 0 5123 16.8436 45.3781 14-9-24 16:25:21 5 6 5 33 25 20 136 0 4 133 9 
TELEM 34 11779 279 5 5 1 1 1 1 693 53.4071 -113.575 24-5-26 17:20:26 13 7 11 1 0 655 136 0 2 134 156 
TELEM 34 11779 279 6 10 0 0 0 0 5123 13.4882 45.3781 14-7-20 32:24:14 5 4 5 33 25 20 136 0 2 137 197 
TELEM 34 11779 279 4 5 0 1 0 0 1 148.06 13.4227 86-65-54 65:68:67 0 0 9 46 118 138 0 0 2 133 116 
TELEM 34 11779 281 5 5 1 1 1 1 694 53.4071 -113.575 24-5-26 17:20:28 13 7 11 1 0 0 136 0 2 135 76 
TELEM 34 11779 281 6 8 0 0 0 0 4611 60.4709 20.2251 24-13-25 21:28:32 5 4 5 33 25 20 136 0 2 135 172 
TELEM 34 11779 282 5 5 1 1 1 1 693 53.4071 -113.575 24-5-26 17:20:29 13 7 11 1 0 655 136 0 2 136 149 
TELEM 34 11779 282 6 7 0 0 0 0 4611 60.4709 23.6461 25-21-28 32:28:32 5 4 5 33 25 20 136 0 4 134 52 
TELEM 34 11779 283 5 5 1 1 1 1 693 53.4071 -113.575 24-5-26 17:20:30 13 7 11 1 0 655 136 0 4 134 194 
TELEM 34 11779 283 6 7 0 0 0 0 4611 62.1486 20.2906 25-21-28 33:28:32 5 4 5 33 25 20 136 0 4 135 153 
TELEM 34 11779 284 5 5 1 1 1 1 695 53.4071 -113.575 24-5-26 17:20:31 13 7 11 1 0 655 136 0 4 134 66 
TELEM 34 11779 284 6 6 0 0 0 0 4867 62.1486 37.0744 28-33-28 33:28:32 5 4 5 33 25 20 136 0 2 136 24 
TELEM 34 11779 286 5 6 1 1 1 1 696 53.4071 -113.575 24-5-26 17:20:33 4 2 3 1 0 0 136 0 2 133 188 
TELEM 34 11779 286 6 8 0 0 0 0 4611 38.6474 43.7004 20-28-25 21:28:34 5 4 5 33 25 20 136 0 2 142 189 
TELEM 34 11779 286 4 5 0 1 0 0 1 148.06 13.4227 86-65-54 65:68:67 0 0 9 46 118 138 0 0 4 139 58 
TELEM 34 11779 287 5 5 1 1 1 1 697 53.4071 -113.575 24-5-26 17:20:34 13 7 11 1 0 0 136 0 4 134 167 
TELEM 34 11779 287 6 7 0 0 0 0 4611 33.6142 43.7004 25-22-28 32:28:34 5 4 5 33 25 20 136 0 2 133 34 
TELEM 34 11779 288 5 5 1 1 1 1 697 53.4071 -113.575 24-5-26 17:20:35 13 7 11 1 0 0 136 0 2 133 250 
TELEM 34 11779 288 6 7 0 0 0 0 4611 26.9033 42.0226 25-21-28 33:28:34 5 4 5 33 25 20 136 0 2 138 134 
TELEM 34 11779 289 5 5 1 1 1 1 698 53.4071 -113.575 24-5-26 17:20:36 13 7 11 1 0 0 136 0 2 135 125 
TELEM 34 11779 289 6 7 0 0 0 0 4867 23.5479 42.0226 25-22-28 33:28:34 5 4 5 33 25 20 136 0 2 138 235 
TELEM 34 11779 291 5 6 1 1 1 1 699 53.4071 -113.575 24-5-26 17:20:38 4 2 3 1 0 0 136 0 2 135 232 
TELEM 34 11779 291 6 8 0 0 0 0 4611 13.4816 42.0226 20-29-25 24:28:33 5 4 5 33 25 20 136 0 2 135 159 
TELEM 34 11779 292 5 6 1 1 1 1 700 53.4071 -113.575 24-5-26 17:20:39 4 2 3 1 0 0 136 0 2 133 59 
TELEM 34 11779 292 6 8 0 0 0 0 4611 13.4816 42.0226 20-29-25 25:28:33 5 4 5 33 25 20 136 0 2 134 4 
TELEM 34 11779 292 4 5 0 1 0 0 1 148.689 13.4227 86-65-54 65:68:67 0 0 9 46 118 138 0 0 2 143 247 
TELEM 34 11779 294 5 6 1 1 1 1 701 53.4071 -113.575 24-5-26 17:20:41 4 2 3 1 0 0 136 0 2 134 40 
TELEM 34 11779 294 6 8 0 0 0 0 4355 13.4816 42.0226 20-28-25 26:28:33 5 4 5 33 25 20 136 0 4 134 205 
TELEM 34 11779 295 5 6 1 1 1 1 701 53.4071 -113.575 24-5-26 17:20:42 4 2 3 1 0 0 136 0 2 134 119 
