TeleGPS
2024-05-26 13:02:28TELEM 34 11779 55 5 0 0 1 1 0 3785 24.9164 -100.674 24-5-26 19:2:27 46 46 46 1 0 0 0 0 250 134 116 
TELEM 34 11779 55 6 2 0 0 0 0 9484 0.000898 0 0-0-0 0:0:0 0 0 0 0 0 0 0 0 246 135 26 
ELEM 220

 1: wchan 00000000 alarm  9999 cmd

 2: wchan 20000eec alarm  9999 monitor_put

 3: wchan 200008d4 alarm  9999 monitor_get

 4: wchan 20000eec alarm  9999 monitor_blink

 5: wchan 20000628 alarm  9999 bluetooth

> TELEM 22032eef150560140f9345020fda9f21c418051a13021ce7e7e701000000000000f685f7

TELEM 34 11779 56 6 2 0 0 0 0 8972 0.0008724 0 0-0-0 0:0:0 0 0 0 0 0 0 0 0 246 134 120 
TELEM 34 11779 58 5 0 0 1 1 0 6769 34.282 -102.135 24-5-26 19:2:30 46 46 46 1 0 0 0 0 246 132 126 
TELEM 34 11779 58 6 4 0 0 0 0 7691 57.1745 0.0008217 0-0-0 0:0:0 0 0 0 0 0 0 0 0 246 136 162 
TELEM 34 11779 59 5 0 0 1 1 0 64723 53.4173 -113.584 24-5-26 19:2:31 46 46 46 1 0 0 0 255 252 134 135 
TELEM 34 11779 59 6 4 0 0 0 0 7435 57.1745 0.0008217 0-0-0 0:0:0 0 0 0 0 0 0 0 255 250 133 254 
TELEM 34 11779 60 5 0 0 1 1 0 64723 53.4173 -113.584 24-5-26 19:2:32 46 46 46 1 0 0 0 255 246 136 231 
TELEM 34 11779 60 6 4 0 0 0 0 7435 58.8523 0.0008473 0-0-0 0:0:0 0 0 0 0 0 0 0 255 250 138 105 
TELEM 34 11779 60 4 5 0 1 0 0 1 148.479 13.4226 86-65-54 65:68:67 0 0 9 46 118 138 0 0 250 135 181 
TELEM 34 11779 61 5 0 0 1 1 0 64723 53.4173 -113.584 24-5-26 19:2:33 46 46 46 1 0 0 0 255 246 133 73 
TELEM 34 11779 61 6 4 0 0 0 0 7691 58.8523 0.0008473 0-0-0 0:0:0 0 0 0 0 0 0 0 255 250 135 204 
TELEM 34 11779 63 5 0 0 1 1 0 64723 53.4173 -113.584 24-5-26 19:2:35 46 46 46 1 0 0 0 255 246 135 22 
TELEM 34 11779 63 6 4 0 0 0 0 7691 58.8522 0.0008473 0-0-0 0:0:0 0 0 0 0 0 0 0 255 250 135 147 
TELEM 34 11779 64 5 4 1 1 1 1 710 53.4071 -113.575 24-5-26 19:2:36 13 6 11 1 0 655 0 0 250 135 190 
TELEM 34 11779 64 6 4 0 0 0 0 7691 58.8522 0.0008473 0-0-0 0:0:0 0 0 0 0 0 0 0 0 246 133 244 
TELEM 34 11779 65 5 4 1 1 1 1 710 53.4071 -113.575 24-5-26 19:2:37 13 6 11 1 0 655 0 0 250 136 46 
TELEM 34 11779 65 6 4 0 0 0 0 7691 58.8523 0.0008473 0-0-0 0:0:0 0 0 0 0 0 0 0 0 250 135 94 
TELEM 34 11779 66 5 4 1 1 1 1 710 53.4071 -113.575 24-5-26 19:2:38 13 6 11 1 0 655 0 0 250 134 153 
TELEM 34 11779 66 6 4 0 0 0 0 7435 57.1745 0.0008473 0-0-0 0:0:0 0 0 0 0 0 0 0 0 250 133 190 
TELEM 34 11779 66 4 5 0 1 0 0 1 148.479 13.4226 86-65-54 65:68:67 0 0 9 46 118 138 0 0 246 143 20 
TELEM 34 11779 68 5 4 1 1 1 1 710 53.4071 -113.575 24-5-26 19:2:40 13 6 11 1 0 0 0 0 246 135 112 
TELEM 34 11779 68 6 4 0 0 0 0 7691 60.53 0.0008729 0-0-0 0:0:0 0 0 0 0 0 0 0 0 246 137 140 
TELEM 34 11779 69 5 4 1 1 1 1 710 53.4071 -113.575 24-5-26 19:2:41 13 6 11 1 0 655 0 0 250 133 170 
TELEM 34 11779 69 6 4 0 0 0 0 7691 60.53 0.0008729 0-0-0 0:0:0 0 0 0 0 0 0 0 0 250 135 241 
TELEM 34 11779 70 5 4 1 1 1 1 710 53.4071 -113.575 24-5-26 19:2:42 13 6 11 1 0 0 0 0 250 134 47 
TELEM 34 11779 70 6 4 0 0 0 0 7947 60.53 0.0008729 0-0-0 0:0:0 0 0 0 0 0 0 0 0 252 135 91 
TELEM 34 11779 71 5 4 1 1 1 1 710 53.4071 -113.575 24-5-26 19:2:43 13 6 11 1 0 655 0 0 252 134 120 
TELEM 34 11779 71 6 4 0 0 0 0 7691 60.53 0.0008729 0-0-0 0:0:0 0 0 0 0 0 0 0 0 252 132 185 
TELEM 34 11779 73 5 0 0 1 1 0 710 53.4071 -113.575 24-5-26 19:2:45 46 46 46 1 0 655 0 0 252 135 205 
TELEM 34 11779 73 6 4 0 0 0 0 7691 60.53 0.0008729 0-0-0 0:0:0 0 0 0 0 0 0 0 0 246 139 131 
TELEM 34 11779 73 4 5 0 1 0 0 1 148.479 13.4226 86-65-54 65:68:67 0 0 9 46 118 138 0 0 246 142 209 
TELEM 34 11779 74 5 0 0 1 1 0 710 53.4071 -113.575 24-5-26 19:2:46 46 46 46 1 0 655 0 0 246 134 51 
TELEM 34 11779 74 6 4 0 0 0 0 7691 62.2077 0.0008729 0-0-0 0:0:0 0 0 0 0 0 0 0 0 250 136 233 
TELEM 34 11779 75 5 0 0 1 1 0 710 53.4071 -113.575 24-5-26 19:2:47 46 46 46 1 0 655 0 0 246 135 162 
TELEM 34 11779 75 6 4 0 0 0 0 7691 62.2077 0.0008729 0-0-0 0:0:0 0 0 0 0 0 0 0 0 250 137 80 
TELEM 34 11779 76 5 0 0 1 1 0 710 53.4071 -113.575 24-5-26 19:2:48 46 46 46 1 0 655 0 0 246 140 18 
TELEM 34 11779 76 6 4 0 0 0 0 7691 60.53 0.0008473 0-0-0 0:0:0 0 0 0 0 0 0 0 0 250 132 171 
TELEM 34 11779 77 5 0 0 1 1 0 710 53.4071 -113.575 24-5-26 19:2:49 46 46 46 1 0 655 0 0 246 132 120 
TELEM 34 11779 77 6 4 0 0 0 0 7691 60.53 0.0008473 0-0-0 0:0:0 0 0 0 0 0 0 0 0 250 134 19 
TELEM 34 11779 79 5 0 0 1 1 0 710 53.4071 -113.575 24-5-26 19:2:51 46 46 46 1 0 655 0 0 246 135 83 
TELEM 34 11779 79 6 4 0 0 0 0 7435 60.53 0.0008473 0-0-0 0:0:0 0 0 0 0 0 0 0 0 246 133 212 
TELEM 34 11779 79 4 5 0 1 0 0 1 148.269 13.4226 86-65-54 65:68:67 0 0 9 46 118 138 0 0 252 134 8 
TELEM 34 11779 80 5 0 0 1 1 0 710 53.4071 -113.575 24-5-26 19:2:52 46 46 46 1 0 655 0 0 252 133 197 
TELEM 34 11779 80 6 4 0 0 0 0 7691 62.2077 0.0008473 0-0-0 0:0:0 0 0 0 0 0 0 0 0 246 135 62 
TELEM 34 11779 81 5 0 0 1 1 0 710 53.4071 -113.575 24-5-26 19:2:53 46 46 46 1 0 655 0 0 250 135 50 
TELEM 34 11779 81 6 4 0 0 0 0 7691 60.5299 0.0008473 0-0-0 0:0:0 0 0 0 0 0 0 0 0 250 134 161 
TELEM 34 11779 82 5 0 0 1 1 0 710 53.4071 -113.575 24-5-26 19:2:54 46 46 46 1 0 655 0 0 246 133 154 
TELEM 34 11779 82 6 4 0 0 0 0 7435 58.8522 0.0008217 0-0-0 0:0:0 0 0 0 0 0 0 0 0 250 134 4 
TELEM 34 11779 83 5 0 0 1 1 0 710 53.4071 -113.575 24-5-26 19:2:55 46 46 46 1 0 0 0 0 250 133 7 
TELEM 34 11779 83 6 4 0 0 0 0 7435 60.5299 0.0007961 0-0-0 0:0:0 0 0 0 0 0 0 0 0 250 134 104 
TELEM 34 11779 85 5 0 0 1 1 0 710 53.4071 -113.575 24-5-26 19:2:57 46 46 46 1 0 0 0 0 250 134 211 
TELEM 34 11779 85 6 4 0 0 0 0 7947 63.8854 0.0008473 0-0-0 0:0:0 0 0 0 0 0 0 0 0 248 137 58 
TELEM 34 11779 85 4 5 0 1 0 0 1 148.479 13.4226 86-65-54 65:68:67 0 0 9 46 118 138 0 0 252 136 133 
TELEM 34 11779 86 5 0 0 1 1 0 710 53.4071 -113.575 24-5-26 19:2:58 46 46 46 1 0 0 0 0 252 133 57 
TELEM 34 11779 86 6 4 0 0 0 0 7691 62.2077 0.0008217 0-0-0 0:0:0 0 0 0 0 0 0 0 0 248 136 153 
TELEM 34 11779 87 5 0 0 1 1 0 710 53.4071 -113.575 24-5-26 19:2:59 46 46 46 1 0 0 0 0 248 135 157 
TELEM 34 11779 87 6 4 0 0 0 0 7691 62.2077 0.0008473 0-0-0 0:0:0 0 0 0 0 0 0 0 0 248 134 254 
TELEM 34 11779 89 5 0 0 1 1 0 710 53.4071 -113.575 24-5-26 19:3:1 46 46 46 1 0 0 0 0 238 135 35 
TELEM 34 11779 89 6 4 0 0 0 0 8715 63.8854 0.0008217 0-0-0 0:0:0 0 0 0 0 0 0 0 0 240 133 194 
TELEM 34 11779 90 5 0 0 1 1 0 710 53.4071 -113.575 24-5-26 19:3:2 46 46 46 1 0 0 0 0 230 135 129 
TELEM 34 11779 90 6 4 0 0 0 0 7691 47.108 0.0006681 0-0-0 0:0:0 0 0 0 0 0 0 0 0 230 133 1 
TELEM 34 11779 91 5 0 0 1 1 0 710 53.4071 -113.575 24-5-26 19:3:3 46 46 46 1 0 0 0 0 242 134 240 
TELEM 34 11779 91 6 3 0 0 0 0 8459 43.7526 0.0006681 0-0-0 0:0:0 0 0 0 0 0 0 0 0 248 136 121 
TELEM 34 11779 91 4 5 0 1 0 0 1 149.108 13.4224 86-65-54 65:68:67 0 0 9 46 118 138 0 0 244 139 51 
TELEM 34 11779 92 5 0 0 1 1 0 710 53.4071 -113.575 24-5-26 19:3:4 46 46 46 1 0 0 0 0 246 133 89 
TELEM 34 45583 277 115 12 0 0 0 0 7593 -2.3471 -27.8974 142-107-224 7:221:20 16 50 15 180 265 83 284 37 242 21 85 
TELEM 34 26477 67 47 9 0 1 1 0 34959 21.5299 81.1013 197-62-51 79:3:191 15 33 15 83 38 558 414 94 178 22 50 
TELEM 34 51563 71 195 2 1 0 1 1 37049 -182.662 -91.9851 104-153-236 62:20:51 41 35 33 86 153 272 172 77 176 22 1 
TELEM 34 11779 4 5 0 0 1 0 0 65519 0 0 21-3-7 0:0:4 46 46 46 1 0 0 0 255 12 135 172 
TELEM 34 11779 4 6 0 0 0 0 0 0 0 0 0-0-0 0:0:0 0 0 0 0 0 0 0 255 14 135 200 
TELEM 34 11779 5 5 0 0 1 0 0 65519 0 0 21-3-7 0:0:5 46 46 46 1 0 0 0 255 14 134 19 
TELEM 34 11779 5 6 0 0 0 0 0 0 0 0 0-0-0 0:0:0 0 0 0 0 0 0 0 255 14 139 49 
TELEM 34 11779 5 4 5 0 1 0 0 1 149.108 13.4218 86-65-54 65:68:67 0 0 9 46 118 138 0 0 12 137 111 
TELEM 34 11779 6 5 0 0 1 0 0 65519 0 0 21-3-7 0:0:6 46 46 46 1 0 0 0 255 14 135 121 
TELEM 34 11779 6 6 0 0 0 0 0 0 0 0 0-0-0 0:0:0 0 0 0 0 0 0 0 255 12 137 145 
TELEM 34 11779 7 5 0 0 1 0 0 65519 0 0 21-3-7 0:0:7 46 46 46 1 0 0 0 255 14 135 222 
TELEM 34 11779 7 6 0 0 0 0 0 0 0 0 0-0-0 0:0:0 0 0 0 0 0 0 0 255 14 132 242 
TELEM 34 11779 8 5 0 0 1 0 0 65519 0 0 21-3-7 0:0:8 46 46 46 1 0 0 0 255 12 134 65 
TELEM 34 11779 8 6 0 0 0 0 0 0 0 0 0-0-0 0:0:0 0 0 0 0 0 0 0 255 14 133 88 
TELEM 34 11779 9 5 0 0 1 0 0 65519 0 0 21-3-7 0:0:9 46 46 46 1 0 0 0 255 12 133 165 
TELEM 34 11779 9 6 0 0 0 0 0 0 0 0 0-0-0 0:0:0 0 0 0 0 0 0 0 255 14 134 189 
TELEM 34 11779 10 5 0 0 1 0 0 65519 0 0 21-3-7 19:4:27 46 46 46 1 0 0 0 255 14 135 115 
TELEM 34 11779 10 6 0 0 0 0 0 0 0 0 0-0-0 0:0:0 0 0 0 0 0 0 0 255 14 136 96 
TELEM 34 11779 10 4 5 0 1 0 0 1 148.479 13.4218 86-65-54 65:68:67 0 0 9 46 118 138 0 0 14 135 65 
TELEM 34 11779 11 5 0 0 1 0 0 65519 0 0 21-3-7 19:4:28 46 46 46 1 0 0 0 255 14 136 217 
TELEM 34 11779 11 6 0 0 0 0 0 0 0 0 0-0-0 0:0:0 0 0 0 0 0 0 0 255 14 133 193 
TELEM 34 11779 12 5 0 0 1 0 0 65519 0 0 21-3-7 19:4:29 46 46 46 1 0 0 0 255 14 136 63 
TELEM 34 11779 12 6 0 0 0 0 0 0 0 0 0-0-0 0:0:0 0 0 0 0 0 0 0 255 14 134 39 
TELEM 34 11779 13 5 0 0 1 0 0 65519 0 0 21-3-7 19:4:30 46 46 46 1 0 0 0 255 12 134 162 
TELEM 34 11779 13 6 0 0 0 0 0 0 0 0 0-0-0 0:0:0 0 0 0 0 0 0 0 255 12 135 140 
TELEM 34 11779 14 5 0 0 1 0 0 65519 0 0 21-3-7 19:4:31 46 46 46 1 0 0 0 255 14 132 5 
TELEM 34 11779 14 6 0 0 0 0 0 0 0 0 0-0-0 0:0:0 0 0 0 0 0 0 0 255 14 138 243 
TELEM 34 11779 16 5 0 0 1 0 0 65519 0 0 21-3-7 19:4:33 46 46 46 1 0 0 0 255 12 135 209 
TELEM 34 11779 16 6 0 0 0 0 0 0 0 0 0-0-0 0:0:0 0 0 0 0 0 0 0 255 14 139 189 
TELEM 34 11779 16 4 5 0 1 0 0 1 148.479 13.4218 86-65-54 65:68:67 0 0 9 46 118 138 0 0 14 134 154 
TELEM 34 11779 17 5 0 0 1 0 0 65519 0 0 21-3-7 19:4:34 46 46 46 1 0 0 0 255 14 135 56 
TELEM 34 11779 17 6 0 0 0 0 0 0 0 0 0-0-0 0:0:0 0 0 0 0 0 0 0 255 14 133 27 
TELEM 34 11779 18 5 0 0 1 0 0 65519 0 0 21-3-7 19:4:35 46 46 46 1 0 0 0 255 10 134 153 
TELEM 34 11779 18 6 0 0 0 0 0 0 0 0 0-0-0 0:0:0 0 0 0 0 0 0 0 255 12 138 131 
TELEM 34 11779 20 5 0 0 1 0 0 65519 0 0 21-3-7 19:4:37 46 46 46 1 0 0 0 255 254 139 93 
TELEM 34 11779 20 6 0 0 0 0 0 0 0 0 0-0-0 0:0:0 0 0 0 0 0 0 0 255 254 137 61 
TELEM 34 11779 22 5 0 0 1 0 0 65519 0 0 21-3-7 19:4:39 46 46 46 1 0 0 0 255 0 135 37 
TELEM 34 11779 22 6 0 0 0 0 0 0 0 0 0-0-0 0:0:0 0 0 0 0 0 0 0 255 254 137 5 
TELEM 34 11779 23 5 0 0 1 0 0 65519 0 0 21-3-7 19:4:40 46 46 46 1 0 0 0 255 254 136 138 
TELEM 34 11779 23 6 0 0 0 0 0 0 0 0 0-0-0 0:0:0 0 0 0 0 0 0 0 255 254 134 103 
TELEM 34 11779 23 4 5 0 1 0 0 1 149.108 13.4218 86-65-54 65:68:67 0 0 9 46 118 138 0 0 0 141 178 
TELEM 34 11779 24 5 0 0 1 0 0 65519 0 0 21-3-7 19:4:41 46 46 46 1 0 0 0 255 254 135 238 
TELEM 34 11779 24 6 0 0 0 0 0 0 0 0 0-0-0 0:0:0 0 0 0 0 0 0 0 255 0 135 206 
TELEM 34 11779 25 5 0 0 1 0 0 65519 0 0 21-3-7 19:4:42 46 46 46 1 0 0 0 255 254 135 84 
TELEM 34 11779 25 6 0 0 0 0 0 0 0 0 0-0-0 0:0:0 0 0 0 0 0 0 0 255 254 134 48 
TELEM 34 11779 26 5 0 0 1 0 0 65519 0 0 21-3-7 19:4:43 46 46 46 1 0 0 0 255 0 135 187 
TELEM 34 11779 26 6 0 0 0 0 0 0 0 0 0-0-0 0:0:0 0 0 0 0 0 0 0 255 254 134 148 
TELEM 34 11779 27 5 0 0 1 1 0 65519 0 0 24-5-26 19:4:44 46 46 46 1 0 0 0 255 0 141 126 
TELEM 34 11779 27 6 0 0 0 0 0 0 0 0 0-0-0 0:0:0 0 0 0 0 0 0 0 255 254 135 249 
TELEM 34 11779 28 5 0 0 1 1 0 65519 0 0 24-5-26 19:4:45 46 46 46 1 0 0 0 255 254 135 219 
TELEM 34 11779 28 6 0 0 0 0 0 0 0 0 0-0-0 0:0:0 0 0 0 0 0 0 0 255 254 134 92 
TELEM 34 11779 28 4 5 0 1 0 0 1 148.479 13.4218 86-65-54 65:68:67 0 0 9 46 118 138 0 0 254 135 63 
TELEM 34 11779 29 5 0 0 1 1 0 65519 0 0 24-5-26 19:4:46 46 46 46 1 0 0 0 255 254 133 63 
TELEM 34 11779 29 6 0 0 0 0 0 0 0 0 0-0-0 0:0:0 0 0 0 0 0 0 0 255 254 135 194 
TELEM 34 11779 31 5 0 0 1 1 0 65519 0 0 24-5-26 19:4:48 46 46 46 1 0 0 0 255 254 135 12 
TELEM 34 11779 31 6 0 0 0 0 0 0 0 0 0-0-0 0:0:0 0 0 0 0 0 0 0 255 254 134 138 
TELEM 34 11779 32 5 0 0 1 1 0 65519 0 0 24-5-26 19:4:49 46 46 46 1 0 0 0 255 254 136 115 
TELEM 34 11779 32 6 0 0 0 0 0 0 0 0 0-0-0 0:0:0 0 0 0 0 0 0 0 255 254 133 238 
TELEM 34 11779 33 5 0 0 1 1 0 65519 0 0 24-5-26 19:4:50 46 46 46 1 0 0 0 255 254 135 216 
TELEM 34 11779 33 6 0 0 0 0 0 0 0 0 0-0-0 0:0:0 0 0 0 0 0 0 0 255 254 134 84 
TELEM 34 11779 34 5 0 0 1 1 0 65519 0 0 24-5-26 19:4:51 46 46 46 1 0 0 0 255 254 136 61 
TELEM 34 11779 34 6 0 0 0 0 0 0 0 0 0-0-0 0:0:0 0 0 0 0 0 0 0 255 254 135 184 
TELEM 34 11779 34 4 5 0 1 0 0 1 148.479 13.4218 86-65-54 65:68:67 0 0 9 46 118 138 0 0 254 138 157 
TELEM 34 11779 36 5 0 0 1 1 0 65519 0 0 24-5-26 19:4:53 46 46 46 1 0 0 0 255 254 139 12 
TELEM 34 11779 36 6 0 0 0 0 0 0 0 0 0-0-0 0:0:0 0 0 0 0 0 0 0 255 254 135 130 
TELEM 34 11779 37 5 0 0 1 1 0 65519 0 0 24-5-26 19:4:54 46 46 46 1 0 0 0 255 254 137 110 
TELEM 34 11779 37 6 0 0 0 0 0 0 0 0 0-0-0 0:0:0 0 0 0 0 0 0 0 255 0 138 234 
TELEM 34 11779 38 5 0 0 1 1 0 65519 0 0 24-5-26 19:4:55 46 46 46 1 0 0 0 255 254 134 209 
TELEM 34 11779 38 6 0 0 0 0 0 0 0 0 0-0-0 0:0:0 0 0 0 0 0 0 0 255 0 136 77 
TELEM 34 11779 40 5 0 0 1 1 0 65519 0 0 24-5-26 19:4:57 46 46 46 1 0 0 0 255 0 134 157 
TELEM 34 11779 40 6 0 0 0 0 0 0 0 0 0-0-0 0:0:0 0 0 0 0 0 0 0 255 0 136 21 
TELEM 34 11779 41 5 0 0 1 1 0 65519 0 0 24-5-26 19:4:58 46 46 46 1 0 0 0 255 254 134 1 
TELEM 34 11779 41 6 0 0 0 0 0 0 0 0 0-0-0 0:0:0 0 0 0 0 0 0 0 255 254 133 117 
TELEM 34 11779 41 4 5 0 1 0 0 1 148.479 13.4218 86-65-54 65:68:67 0 0 9 46 118 138 0 0 254 135 89 
TELEM 34 11779 42 5 0 0 1 1 0 65519 0 0 24-5-26 19:4:59 46 46 46 1 0 0 0 255 254 136 105 
TELEM 34 11779 42 6 0 0 0 0 0 0 0 0 0-0-0 0:0:0 0 0 0 0 0 0 0 255 0 138 225 
TELEM 34 11779 44 5 0 0 1 1 0 65519 0 0 24-5-26 19:5:1 46 46 46 1 0 0 0 255 254 136 248 
TELEM 34 11779 44 6 1 0 0 0 0 10772 0 0 0-0-0 0:0:0 0 0 0 0 0 0 0 255 254 132 224 
TELEM 34 11779 45 5 0 0 1 1 0 65519 0 0 24-5-26 19:5:2 46 46 46 1 0 0 0 255 254 138 95 
TELEM 34 11779 45 6 1 0 0 0 0 10772 0 0 0-0-0 0:0:0 0 0 0 0 0 0 0 255 254 134 70 
TELEM 34 11779 47 5 0 0 1 1 0 65519 0 0 24-5-26 19:5:4 46 46 46 1 0 0 0 255 254 136 40 
TELEM 34 11779 47 6 1 0 0 0 0 10772 0 0 0-0-0 0:0:0 0 0 0 0 0 0 0 255 254 136 17 
TELEM 34 11779 48 5 0 0 1 1 0 65519 0 0 24-5-26 19:5:5 46 46 46 1 0 0 0 255 254 135 141 
TELEM 34 11779 48 6 1 0 0 0 0 10772 0 0 0-0-0 0:0:0 0 0 0 0 0 0 0 255 254 135 117 
TELEM 34 11779 48 4 5 0 1 0 0 1 149.108 13.4218 86-65-54 65:68:67 0 0 9 46 118 138 0 0 254 136 121 
TELEM 34 11779 49 5 0 0 1 1 0 65519 0 0 24-5-26 19:5:6 46 46 46 1 0 0 0 255 254 134 241 
TELEM 34 11779 49 6 1 0 0 0 0 10772 0 0 0-0-0 0:0:0 0 0 0 0 0 0 0 255 254 136 218 
TELEM 34 11779 50 5 0 0 1 1 0 65519 0 0 24-5-26 19:5:7 46 46 46 1 0 0 0 255 254 136 89 
TELEM 34 11779 50 6 1 0 0 0 0 10772 0 0 0-0-0 0:0:0 0 0 0 0 0 0 0 255 254 132 59 
TELEM 34 11779 52 5 0 0 1 1 0 65519 0 0 24-5-26 19:5:9 46 46 46 1 0 0 0 255 254 135 34 
TELEM 34 11779 52 6 1 0 0 0 0 10772 0 0 0-0-0 0:0:0 0 0 0 0 0 0 0 255 254 133 4 
TELEM 34 11779 53 5 0 0 1 1 0 65519 0 0 24-5-26 19:5:10 46 46 46 1 0 0 0 255 254 133 134 
TELEM 34 11779 53 6 1 0 0 0 0 10772 0 0 0-0-0 0:0:0 0 0 0 0 0 0 0 255 254 135 107 
TELEM 34 11779 54 5 0 0 1 1 0 65519 0 0 24-5-26 19:5:11 46 46 46 1 0 0 0 255 254 135 238 
TELEM 34 11779 54 6 1 0 0 0 0 10772 0 0 0-0-0 0:0:0 0 0 0 0 0 0 0 255 254 136 209 
TELEM 34 11779 54 4 5 0 1 0 0 1 148.479 13.4218 86-65-54 65:68:67 0 0 9 46 118 138 0 0 254 135 115 
TELEM 34 11779 55 5 0 0 1 1 0 65519 0 0 24-5-26 19:5:12 46 46 46 1 0 0 0 255 254 134 81 
TELEM 34 11779 55 6 1 0 0 0 0 10772 0 0 0-0-0 0:0:0 0 0 0 0 0 0 0 255 254 135 51 
TELEM 34 11779 56 5 0 0 1 1 0 65519 0 0 24-5-26 19:5:13 46 46 46 1 0 0 0 255 254 135 184 
TELEM 34 11779 56 6 1 0 0 0 0 10772 0 0 0-0-0 0:0:0 0 0 0 0 0 0 0 255 254 135 152 
TELEM 34 11779 58 5 0 0 1 1 0 65519 0 0 24-5-26 19:5:15 46 46 46 1 0 0 0 255 254 137 132 
TELEM 34 11779 58 6 1 0 0 0 0 10772 0 0 0-0-0 0:0:0 0 0 0 0 0 0 0 255 254 138 99 
TELEM 34 11779 59 5 0 0 1 1 0 65519 0 0 24-5-26 19:5:16 46 46 46 1 0 0 0 255 254 136 233 
TELEM 34 11779 59 6 1 0 0 0 0 10772 0 0 0-0-0 0:0:0 0 0 0 0 0 0 0 255 254 136 198 
TELEM 34 11779 60 5 0 0 1 1 0 65519 0 0 24-5-26 19:5:17 46 46 46 1 0 0 0 255 254 137 79 
TELEM 34 11779 60 6 1 0 0 0 0 10516 0 0 0-0-0 0:0:0 0 0 0 0 0 0 0 255 254 137 42 
TELEM 34 11779 60 4 5 0 1 0 0 1 148.689 13.4218 86-65-54 65:68:67 0 0 9 46 118 138 0 0 254 135 236 
TELEM 34 11779 62 5 0 0 1 1 0 65519 0 0 24-5-26 19:5:19 46 46 46 1 0 0 0 255 254 135 24 
TELEM 34 11779 62 6 1 0 0 0 0 10516 0 0 0-0-0 0:0:0 0 0 0 0 0 0 0 255 254 135 241 
TELEM 34 11779 63 5 0 0 1 1 0 65519 0 0 24-5-26 19:5:20 46 46 46 1 0 0 0 255 254 138 128 
TELEM 34 11779 63 6 1 0 0 0 0 10516 0 0 0-0-0 0:0:0 0 0 0 0 0 0 0 255 254 134 84 
TELEM 34 11779 64 5 0 0 1 1 0 65519 0 0 24-5-26 19:5:21 46 46 46 1 0 0 0 255 254 136 228 
TELEM 34 11779 64 6 1 0 0 0 0 10772 0 0 0-0-0 0:0:0 0 0 0 0 0 0 0 255 254 135 187 
TELEM 34 11779 66 5 0 0 1 1 0 65519 0 0 24-5-26 19:5:23 46 46 46 1 0 0 0 255 254 136 176 
TELEM 34 11779 66 6 1 0 0 0 0 10772 0 0 0-0-0 0:0:0 0 0 0 0 0 0 0 255 254 137 135 
TELEM 34 11779 67 5 0 0 1 1 0 65519 0 0 24-5-26 19:5:24 46 46 46 1 0 0 0 255 254 136 21 
TELEM 34 11779 67 6 1 0 0 0 0 10772 0 0 0-0-0 0:0:0 0 0 0 0 0 0 0 255 254 140 238 
TELEM 34 11779 67 4 5 0 1 0 0 1 148.479 13.4218 86-65-54 65:68:67 0 0 9 46 118 138 0 0 254 138 143 
TELEM 34 11779 68 5 0 0 1 1 0 65519 0 0 24-5-26 19:5:25 46 46 46 1 0 0 0 255 254 134 120 
TELEM 34 11779 68 6 1 0 0 0 0 10772 0 0 0-0-0 0:0:0 0 0 0 0 0 0 0 255 254 139 81 
TELEM 34 11779 70 5 0 0 1 1 0 65519 0 0 24-5-26 19:5:27 46 46 46 1 0 0 0 255 254 134 67 
TELEM 34 11779 70 6 1 0 0 0 0 10772 0 0 0-0-0 0:0:0 0 0 0 0 0 0 0 255 254 137 24 
TELEM 34 11779 71 5 0 0 1 1 0 65519 0 0 24-5-26 19:5:28 46 46 46 1 0 0 0 255 254 132 166 
TELEM 34 11779 71 6 1 0 0 0 0 10772 0 0 0-0-0 0:0:0 0 0 0 0 0 0 0 255 254 135 122 
TELEM 34 11779 72 5 0 0 1 1 0 65519 0 0 24-5-26 19:5:29 46 46 46 1 0 0 0 255 254 134 13 
TELEM 34 11779 72 6 1 0 0 0 0 10772 0 0 0-0-0 0:0:0 0 0 0 0 0 0 0 255 254 136 223 
TELEM 34 11779 74 5 0 0 1 1 0 65519 0 0 24-5-26 19:5:31 46 46 46 1 0 0 0 255 254 135 217 
TELEM 34 11779 74 6 1 0 0 0 0 10516 0 0 0-0-0 0:0:0 0 0 0 0 0 0 0 255 254 136 167 
TELEM 34 11779 74 4 5 0 1 0 0 1 148.269 13.4218 86-65-54 65:68:67 0 0 9 46 118 138 0 0 254 136 43 
TELEM 34 11779 75 5 0 0 1 1 0 65519 0 0 24-5-26 19:5:32 46 46 46 1 0 0 0 255 0 136 66 
TELEM 34 11779 75 6 1 0 0 0 0 10516 0 0 0-0-0 0:0:0 0 0 0 0 0 0 0 255 254 136 12 
TELEM 34 11779 78 5 0 0 1 1 0 65519 0 0 24-5-26 19:5:35 46 46 46 1 0 0 0 255 254 134 109 
TELEM 34 11779 78 6 1 0 0 0 0 10516 0 0 0-0-0 0:0:0 0 0 0 0 0 0 0 255 254 135 55 
TELEM 34 11779 79 5 0 0 1 1 0 65519 0 0 24-5-26 19:5:36 46 46 46 1 0 0 0 255 254 134 211 
TELEM 34 11779 79 6 1 0 0 0 0 10516 0 0 0-0-0 0:0:0 0 0 0 0 0 0 0 255 254 137 158 
TELEM 34 11779 80 5 0 0 1 1 0 65519 0 0 24-5-26 19:5:37 46 46 46 1 0 0 0 255 254 136 58 
TELEM 34 11779 80 6 1 0 0 0 0 10516 0 0 0-0-0 0:0:0 0 0 0 0 0 0 0 255 254 136 1 
TELEM 34 11779 81 5 0 0 1 1 0 65519 0 0 24-5-26 19:5:38 46 46 46 1 0 0 0 255 254 133 156 
TELEM 34 11779 81 6 1 0 0 0 0 10516 0 0 0-0-0 0:0:0 0 0 0 0 0 0 0 255 254 132 97 
TELEM 34 11779 81 4 5 0 1 0 0 1 148.269 13.4218 86-65-54 65:68:67 0 0 9 46 118 138 0 0 254 135 232 
TELEM 34 11779 83 5 0 0 1 1 0 65519 0 0 24-5-26 19:5:40 46 46 46 1 0 0 0 255 254 149 119 
TELEM 34 11779 83 6 1 0 0 0 0 10516 0 0 0-0-0 0:0:0 0 0 0 0 0 0 0 255 254 132 42 
TELEM 34 11779 84 5 0 0 1 1 0 65519 0 0 24-5-26 19:5:41 46 46 46 1 0 0 0 255 0 136 210 
TELEM 34 11779 84 6 1 0 0 0 0 10516 0 0 0-0-0 0:0:0 0 0 0 0 0 0 0 255 0 136 149 
TELEM 34 11779 85 5 0 0 1 1 0 65519 0 0 24-5-26 19:5:42 46 46 46 1 0 0 0 255 230 136 28 
TELEM 34 11779 85 6 1 0 0 0 0 11028 0 0 0-0-0 0:0:0 0 0 0 0 0 0 0 255 230 133 221 
TELEM 34 11779 86 5 0 0 1 1 0 65519 0 0 24-5-26 19:5:43 46 46 46 1 0 0 0 255 254 135 155 
TELEM 34 11779 86 6 1 0 0 0 0 10260 0 0 0-0-0 0:0:0 0 0 0 0 0 0 0 255 252 137 91 
TELEM 34 11779 88 5 0 0 1 1 0 65519 0 0 24-5-26 19:5:45 46 46 46 1 0 0 0 255 252 136 99 
TELEM 34 11779 88 6 1 0 0 0 0 10516 0 0 0-0-0 0:0:0 0 0 0 0 0 0 0 255 0 134 36 
TELEM 34 11779 88 4 5 0 1 0 0 1 148.269 13.4218 86-65-54 65:68:67 0 0 9 46 118 138 0 0 252 137 167 
TELEM 34 11779 89 5 0 0 1 1 0 65519 0 0 24-5-26 19:5:46 46 46 46 1 0 0 0 255 252 134 199 
TELEM 34 11779 89 6 1 0 0 0 0 10260 0 0 0-0-0 0:0:0 0 0 0 0 0 0 0 255 252 138 136 
TELEM 34 11779 90 5 0 0 1 1 0 65519 0 0 24-5-26 19:5:47 46 46 46 1 0 0 0 255 252 134 44 
TELEM 34 11779 90 6 1 0 0 0 0 10260 0 0 0-0-0 0:0:0 0 0 0 0 0 0 0 255 252 136 234 
TELEM 34 11779 91 5 0 0 1 1 0 65519 0 0 24-5-26 19:5:48 46 46 46 1 0 0 0 255 252 134 144 
TELEM 34 11779 91 6 1 0 0 0 0 10004 0 0 0-0-0 0:0:0 0 0 0 0 0 0 0 255 252 132 72 
TELEM 34 11779 92 5 0 0 1 1 0 65519 0 0 24-5-26 19:5:49 46 46 46 1 0 0 0 255 252 134 249 
TELEM 34 11779 92 6 1 0 0 0 0 10004 0 0 0-0-0 0:0:0 0 0 0 0 0 0 0 255 0 135 183 
TELEM 34 11779 94 5 0 0 1 1 0 65519 0 0 24-5-26 19:5:51 46 46 46 1 0 0 0 255 0 135 199 
TELEM 34 11779 94 6 1 0 0 0 0 10260 0 0 0-0-0 0:0:0 0 0 0 0 0 0 0 255 252 134 122 
TELEM 34 11779 94 4 5 0 1 0 0 1 148.269 13.4218 86-65-54 65:68:67 0 0 9 46 118 138 0 0 252 135 0 
TELEM 34 11779 95 5 0 0 1 1 0 65519 0 0 24-5-26 19:5:52 46 46 46 1 0 0 0 255 252 135 40 
TELEM 34 11779 95 6 1 0 0 0 0 10004 0 0 0-0-0 0:0:0 0 0 0 0 0 0 0 255 252 134 221 
TELEM 34 11779 96 5 0 0 1 1 0 65519 0 0 24-5-26 19:5:53 46 46 46 1 0 0 0 255 254 135 142 
TELEM 34 11779 96 6 1 0 0 0 0 10004 0 0 0-0-0 0:0:0 0 0 0 0 0 0 0 255 254 138 70 
TELEM 34 11779 98 5 0 0 1 1 0 65519 0 0 24-5-26 19:5:55 46 46 46 1 0 0 0 255 252 139 93 
TELEM 34 11779 98 6 1 0 0 0 0 10004 0 0 0-0-0 0:0:0 0 0 0 0 0 0 0 255 252 136 13 
TELEM 34 11779 99 5 0 0 1 1 0 65519 0 0 24-5-26 19:5:56 46 46 46 1 0 0 0 255 252 135 189 
TELEM 34 11779 99 6 1 0 0 0 0 10004 0 0 0-0-0 0:0:0 0 0 0 0 0 0 0 255 252 135 111 
TELEM 34 11779 100 5 0 0 1 1 0 65519 0 0 24-5-26 19:5:57 46 46 46 1 0 0 0 255 252 134 34 
TELEM 34 11779 100 6 1 0 0 0 0 10004 0 0 0-0-0 0:0:0 0 0 0 0 0 0 0 255 252 135 212 
TELEM 34 11779 100 4 5 0 1 0 0 1 148.06 13.4218 86-65-54 65:68:67 0 0 9 46 118 138 0 0 252 139 62 
TELEM 34 11779 101 5 0 0 1 1 0 65519 0 0 24-5-26 19:5:58 46 46 46 1 0 0 0 255 252 135 136 
TELEM 34 11779 101 6 1 0 0 0 0 9748 0 0 0-0-0 0:0:0 0 0 0 0 0 0 0 255 252 137 57 
TELEM 34 11779 103 5 0 0 1 1 0 65519 0 0 24-5-26 19:6:0 46 46 46 1 0 0 0 255 0 134 27 
TELEM 34 11779 103 6 1 0 0 0 0 10004 0 0 0-0-0 0:0:0 0 0 0 0 0 0 0 255 254 133 1 
TELEM 34 11779 104 5 0 0 1 1 0 65519 0 0 24-5-26 19:6:1 46 46 46 1 0 0 0 255 254 134 126 
TELEM 34 11779 104 6 1 0 0 0 0 10004 0 0 0-0-0 0:0:0 0 0 0 0 0 0 0 255 252 137 103 
TELEM 34 11779 106 5 0 0 1 1 0 65519 0 0 24-5-26 19:6:3 46 46 46 1 0 0 0 255 252 134 71 
TELEM 34 11779 106 6 1 0 0 0 0 10260 0 0 0-0-0 0:0:0 0 0 0 0 0 0 0 255 250 134 44 
TELEM 34 11779 107 5 0 0 1 1 0 65519 0 0 24-5-26 19:6:4 46 46 46 1 0 0 0 255 0 136 179 
TELEM 34 11779 107 6 1 0 0 0 0 10260 0 0 0-0-0 0:0:0 0 0 0 0 0 0 0 255 252 136 149 
TELEM 34 11779 107 4 5 0 1 0 0 1 149.108 13.4218 86-65-54 65:68:67 0 0 9 46 118 138 0 0 254 133 153 
TELEM 34 11779 109 5 0 0 1 1 0 65519 0 0 24-5-26 19:6:6 46 46 46 1 0 0 0 255 254 136 123 
TELEM 34 11779 109 6 1 0 0 0 0 10260 0 0 0-0-0 0:0:0 0 0 0 0 0 0 0 255 0 135 96 
TELEM 34 11779 110 5 0 0 1 1 0 65519 0 0 24-5-26 19:6:7 46 46 46 1 0 0 0 255 252 137 224 
TELEM 34 11779 110 6 1 0 0 0 0 10260 0 0 0-0-0 0:0:0 0 0 0 0 0 0 0 255 0 137 199 
TELEM 34 11779 111 5 0 0 1 1 0 65519 0 0 24-5-26 19:6:8 46 46 46 1 0 0 0 255 252 133 66 
TELEM 34 11779 111 6 1 0 0 0 0 10260 0 0 0-0-0 0:0:0 0 0 0 0 0 0 0 255 254 134 39 
TELEM 34 11779 112 5 0 0 1 1 0 65519 0 0 24-5-26 19:6:9 46 46 46 1 0 0 0 255 0 134 174 
TELEM 34 11779 112 6 1 0 0 0 0 10260 0 0 0-0-0 0:0:0 0 0 0 0 0 0 0 255 252 135 140 
TELEM 34 11779 114 5 0 0 1 1 0 65519 0 0 24-5-26 19:6:11 46 46 46 1 0 0 0 255 252 134 114 
TELEM 34 11779 114 6 1 0 0 0 0 10260 0 0 0-0-0 0:0:0 0 0 0 0 0 0 0 255 252 134 81 
TELEM 34 11779 114 4 5 0 1 0 0 1 148.269 13.4218 86-65-54 65:68:67 0 0 9 46 118 138 0 0 252 133 213 
TELEM 34 11779 115 5 0 0 1 1 0 65519 0 0 24-5-26 19:6:12 46 46 46 1 0 0 0 255 252 136 218 
TELEM 34 11779 115 6 1 0 0 0 0 10260 0 0 0-0-0 0:0:0 0 0 0 0 0 0 0 255 254 134 184 
TELEM 34 11779 116 5 0 0 1 1 0 65519 0 0 24-5-26 19:6:13 46 46 46 1 0 0 0 255 252 138 64 
TELEM 34 11779 116 6 1 0 0 0 0 10004 0 0 0-0-0 0:0:0 0 0 0 0 0 0 0 255 0 133 27 
TELEM 34 11779 117 5 0 0 1 1 0 65519 0 0 24-5-26 19:6:14 46 46 46 1 0 0 0 255 252 135 165 
TELEM 34 11779 117 6 1 0 0 0 0 10260 0 0 0-0-0 0:0:0 0 0 0 0 0 0 0 255 252 134 128 
TELEM 34 11779 119 5 0 0 1 1 0 65519 0 0 24-5-26 19:6:16 46 46 46 1 0 0 0 255 0 134 113 
TELEM 34 11779 119 6 1 0 0 0 0 10260 0 0 0-0-0 0:0:0 0 0 0 0 0 0 0 255 252 134 71 
TELEM 34 11779 120 5 0 0 1 1 0 65519 0 0 24-5-26 19:6:17 46 46 46 1 0 0 0 255 252 135 212 
TELEM 34 11779 120 6 1 0 0 0 0 10004 0 0 0-0-0 0:0:0 0 0 0 0 0 0 0 255 252 135 172 
TELEM 34 11779 120 4 5 0 1 0 0 1 148.898 13.4218 86-65-54 65:68:67 0 0 9 46 118 138 0 0 252 136 147 
TELEM 34 11779 121 5 0 0 1 1 0 65519 0 0 24-5-26 19:6:18 46 46 46 1 0 0 0 255 252 134 56 
TELEM 34 11779 121 6 1 0 0 0 0 10004 0 0 0-0-0 0:0:0 0 0 0 0 0 0 0 255 252 136 17 
TELEM 34 11779 123 5 0 0 1 1 0 65519 0 0 24-5-26 19:6:20 46 46 46 1 0 0 0 255 252 138 7 
TELEM 34 11779 123 6 1 0 0 0 0 10260 0 0 0-0-0 0:0:0 0 0 0 0 0 0 0 255 252 138 221 
TELEM 34 11779 125 5 0 0 1 1 0 65519 0 0 24-5-26 19:6:22 46 46 46 1 0 0 0 255 252 135 208 
TELEM 34 11779 125 6 1 0 0 0 0 10260 0 0 0-0-0 0:0:0 0 0 0 0 0 0 0 255 252 133 162 
TELEM 34 11779 126 5 0 0 1 1 0 65519 0 0 24-5-26 19:6:23 46 46 46 1 0 0 0 255 252 133 51 
TELEM 34 11779 126 6 1 0 0 0 0 10260 0 0 0-0-0 0:0:0 0 0 0 0 0 0 0 255 0 133 10 
TELEM 34 11779 127 5 0 0 1 1 0 65519 0 0 24-5-26 19:6:24 46 46 46 1 0 0 0 255 254 135 155 
TELEM 34 11779 127 6 1 0 0 0 0 10004 0 0 0-0-0 0:0:0 0 0 0 0 0 0 0 255 254 135 108 
TELEM 34 11779 127 4 5 0 1 0 0 1 148.898 13.4218 86-65-54 65:68:67 0 0 9 46 118 138 0 0 252 135 80 
TELEM 34 11779 128 5 0 0 1 1 0 65519 0 0 24-5-26 19:6:25 46 46 46 1 0 0 0 255 252 137 0 
TELEM 34 11779 128 6 1 0 0 0 0 10004 0 0 0-0-0 0:0:0 0 0 0 0 0 0 0 255 252 136 207 
TELEM 34 11779 129 5 0 0 1 1 0 65519 0 0 24-5-26 19:6:26 46 46 46 1 0 0 0 255 254 136 103 
TELEM 34 11779 129 6 1 0 0 0 0 10004 0 0 0-0-0 0:0:0 0 0 0 0 0 0 0 255 250 135 49 
TELEM 34 11779 131 5 0 0 1 1 0 65519 0 0 24-5-26 19:6:28 46 46 46 1 0 0 0 255 252 137 49 
